id;longitude;latitude;request_node;service_time_min;cluster;type;arrival_time
1;16.4371334;48.1793636;15824;0;3;Depot;0
2;16.3389235;48.2536023;12138;22.96;3;Scheduled;0
3;16.3760482;48.1839801;10936;25.92;3;Scheduled;0
4;16.4472271;48.206604;2254;29.35;3;Scheduled;0
5;16.2970579;48.1437345;6858;28.48;3;Scheduled;0
6;16.4625429;48.2433252;13176;20.05;1;Scheduled;0
7;16.354337;48.2305485;1832;25.2;3;Scheduled;0
8;16.3872213;48.1930981;3796;29.38;3;Scheduled;0
9;16.3311692;48.1915548;13533;20.49;2;Scheduled;0
10;16.4243684;48.2459086;7238;33.33;1;Scheduled;0
11;16.2495471;48.2144965;1526;20.92;3;Scheduled;0
12;16.3865328;48.194975;15762;21.6;3;Scheduled;0
13;16.3915419;48.2113848;4482;24.18;3;Scheduled;0
14;16.3752207;48.2003333;3877;23.06;3;Scheduled;0
15;16.2675426;48.1879346;825;22.96;3;Scheduled;0
16;16.3655755;48.2467432;13230;23.5;3;Scheduled;0
17;16.4574554;48.2280981;11659;31.73;1;OnDemand;2.52
18;16.3164066;48.2106061;2407;21.16;2;OnDemand;6.5
19;16.4236489;48.2448551;7237;27.32;1;OnDemand;6.97
20;16.4752336;48.257051;13880;20.86;1;OnDemand;16.62
21;16.4738022;48.2479753;12617;21.09;1;OnDemand;18.7
22;16.4403713;48.2667412;5274;27.91;1;OnDemand;20.28
23;16.4408247;48.225004;5067;28.06;1;OnDemand;21.12
24;16.3306508;48.1744745;13535;31.17;2;OnDemand;29.36
25;16.4254471;48.2592794;9363;32.56;1;OnDemand;29.58
26;16.3151683;48.1979575;1095;25.86;2;OnDemand;31.09
27;16.4662383;48.2486708;13166;24.13;1;OnDemand;42.69
28;16.2975157;48.1974713;951;24.01;2;OnDemand;43.61
29;16.4277578;48.2484517;7840;27.95;1;OnDemand;44.07
30;16.4200815;48.2652646;14054;31.15;1;OnDemand;50.34
31;16.3286971;48.1922281;2775;34.79;2;OnDemand;57.17
32;16.4334758;48.2692205;12604;33.54;1;OnDemand;62.68
33;16.337298;48.1800028;11816;31.8;2;OnDemand;68.3
34;16.4574554;48.2280981;11659;29.48;1;OnDemand;68.42
35;16.2900356;48.2015484;924;24.42;2;OnDemand;69.59
36;16.3087634;48.2163099;1467;29.68;2;OnDemand;70.33
37;16.4455391;48.256078;4322;20.82;1;OnDemand;70.49
38;16.3384701;48.1887244;13227;29.9;2;OnDemand;71.71
39;16.4208693;48.234233;663;23.48;1;OnDemand;73.29
40;16.468807;48.2516042;5059;24.96;1;OnDemand;74.12
41;16.4265004;48.2417794;5077;25.42;1;OnDemand;76.02
42;16.326467;48.170278;13300;21.19;2;OnDemand;78.68
43;16.349289;48.1807625;13696;22.43;2;OnDemand;80.26
44;16.4298728;48.2484487;15698;33.26;1;OnDemand;82.15
45;16.4757505;48.2591804;13072;23.49;1;OnDemand;86.79
46;16.4253546;48.2275761;14309;29.24;1;OnDemand;88.35
47;16.4277578;48.2484517;7840;33.93;1;OnDemand;91.14
48;16.435379;48.2591717;4464;33.77;1;OnDemand;103.64
49;16.2961459;48.1868581;11875;34.53;2;OnDemand;103.77
50;16.3204202;48.1863465;1834;32.38;2;OnDemand;104.56
51;16.420707;48.2282562;14443;27.52;1;OnDemand;110.35
52;16.4508725;48.2261286;5927;25.88;1;OnDemand;110.69
53;16.4582273;48.2638569;12800;21.34;1;OnDemand;113.51
54;16.4460272;48.2457462;5493;21.49;1;OnDemand;120.66
55;16.3274724;48.1912906;14776;28.4;2;OnDemand;122.9
56;16.3251628;48.2125026;14409;28.98;2;OnDemand;126.63
57;16.433378;48.2614897;14573;29.21;1;OnDemand;132.24
58;16.4746644;48.2554947;13882;28.45;1;OnDemand;135.95
59;16.2904325;48.1911373;961;26.77;2;OnDemand;137
60;16.2850658;48.1970559;451;34.22;2;OnDemand;138.28
61;16.4099521;48.2443102;4384;28.25;1;OnDemand;143.9
62;16.2800347;48.1899982;42;32.78;2;OnDemand;156.33
63;16.4715427;48.2438251;9982;23.3;1;OnDemand;157.52
64;16.4128559;48.2595807;4119;26.76;1;OnDemand;168.08
65;16.3327504;48.1801967;5341;22.33;2;OnDemand;173.47
66;16.404665;48.2575149;15372;34.65;1;OnDemand;175.53
67;16.4284576;48.2404223;5076;32.5;1;OnDemand;176.32
68;16.4581845;48.2263343;2299;26.96;1;OnDemand;179.58
69;16.4403545;48.2499454;12264;25.04;1;OnDemand;180.9
70;16.3521709;48.1935568;3930;32.31;2;OnDemand;181.33
71;16.4741896;48.2557138;13879;23.04;1;OnDemand;185.66
72;16.2858616;48.1863471;3038;31.15;2;OnDemand;186.29
73;16.3522114;48.1959047;1787;33.79;2;OnDemand;191.54
74;16.4460768;48.23963;5045;33.27;1;OnDemand;193.65
75;16.3103276;48.2160777;1430;27.6;2;OnDemand;194.44
76;16.31661;48.2079641;6220;29.93;2;OnDemand;194.5
77;16.3150199;48.1711559;875;34.51;2;OnDemand;203.68
78;16.3220096;48.1833903;7151;23.06;2;OnDemand;204.21
79;16.4430093;48.2542116;12486;23.69;1;OnDemand;209.81
80;16.4739735;48.2662173;13389;25.37;1;OnDemand;215.01
81;16.4217414;48.2288641;662;26.2;1;OnDemand;217.27
82;16.3523357;48.188978;12177;28.18;2;OnDemand;217.87
83;16.4044412;48.2509023;7246;31.29;1;OnDemand;218.11
84;16.4447632;48.2617247;5635;23.29;1;OnDemand;219.83
85;16.3153635;48.1990601;944;30.5;2;OnDemand;220.18
86;16.3262157;48.1908184;3606;34.48;2;OnDemand;221.2
87;16.4766311;48.2446192;9732;27.98;1;OnDemand;224.71
88;16.3018119;48.2024148;979;23.76;2;OnDemand;225.18
89;16.3214143;48.1962647;2739;27.82;2;OnDemand;228.18
90;16.4044412;48.2509023;7246;30.66;1;OnDemand;230.27
91;16.336894;48.1992768;2861;23.46;2;OnDemand;235.68
92;16.3228118;48.1665802;6687;28.94;2;OnDemand;239.17
93;16.3230923;48.2175363;2944;32.5;2;OnDemand;240.81
94;16.3273411;48.2165075;2565;30.66;2;OnDemand;240.89
95;16.3251628;48.2125026;14409;32.56;2;OnDemand;246.37
96;16.3264654;48.1773026;5322;30.56;2;OnDemand;247.03
97;16.3299546;48.2129577;10510;28.61;2;OnDemand;248.01
98;16.4599503;48.24078;13975;26.66;1;OnDemand;248.73
99;16.3193703;48.2011877;1206;29.11;2;OnDemand;250.84
100;16.336431;48.2088897;1473;25.38;2;OnDemand;251.04
101;16.3361746;48.1777869;5298;33.3;2;OnDemand;264.73
102;16.3516961;48.1987848;15218;24.28;2;OnDemand;264.87
103;16.4469208;48.2342893;7396;28.62;1;OnDemand;266
104;16.4305893;48.2575571;5623;33.82;1;OnDemand;266.09
105;16.3154164;48.2120996;2411;34.63;2;OnDemand;266.56
106;16.2930993;48.1986077;91;27.23;2;OnDemand;267.86
107;16.3069407;48.1976735;1103;28.33;2;OnDemand;268.22
108;16.3407423;48.1800915;13653;29.68;2;OnDemand;270.29
109;16.4426627;48.2724069;5639;20.86;1;OnDemand;271.36
110;16.4741161;48.263124;7419;30.13;1;OnDemand;271.84
111;16.3130509;48.1929972;1091;23.19;2;OnDemand;272.08
112;16.2901852;48.198593;92;25.45;2;OnDemand;272.97
113;16.3393295;48.1806962;5288;33.34;2;OnDemand;280.49
114;16.422392;48.2354684;11934;34.38;1;OnDemand;280.83
115;16.3289048;48.211677;2460;25.36;2;OnDemand;281.58
116;16.3241614;48.1887998;1585;28.77;2;OnDemand;282.93
117;16.2905452;48.1738234;3122;26.53;2;OnDemand;284.36
118;16.3131002;48.1746174;14342;34.18;2;OnDemand;288.65
119;16.3280589;48.2025058;2834;30.69;2;OnDemand;289.91
120;16.2990945;48.1740763;14067;33.22;2;OnDemand;293.4
121;16.4287608;48.2280378;15616;22.92;1;OnDemand;300.13
122;16.4304867;48.2749343;16047;21.83;1;OnDemand;305.03
123;16.4442931;48.2544313;4321;33.38;1;OnDemand;314.75
124;16.3499751;48.2063774;2682;25.31;2;OnDemand;315.29
125;16.3140337;48.2021331;1189;31.68;2;OnDemand;315.32
126;16.4424526;48.2581764;5631;25.82;1;OnDemand;316.09
127;16.3066474;48.2134434;13820;22.08;2;OnDemand;319.39
128;16.3151571;48.2041604;1187;33.79;2;OnDemand;324.83
129;16.2894526;48.1755123;3118;27.9;2;OnDemand;328.57
130;16.435379;48.2591717;4464;32.82;1;OnDemand;332.72
131;16.351635;48.1824752;2047;34.19;2;OnDemand;333.6
132;16.3508475;48.1903274;2120;31.26;2;OnDemand;334.86
133;16.2917849;48.2018077;923;33.37;2;OnDemand;338.86
134;16.4108058;48.2403165;12571;23.19;1;OnDemand;342.48
135;16.3236219;48.1872089;3601;25.28;2;OnDemand;346.22
136;16.328325;48.2012779;2842;23.83;2;OnDemand;358.19
137;16.313277;48.1953422;1066;21.33;2;OnDemand;358.37
138;16.3359649;48.1990173;2084;31.04;2;OnDemand;367.27
139;16.2824516;48.1899069;829;29.64;2;OnDemand;369.15
140;16.3190348;48.2123732;1507;21.05;2;OnDemand;369.15
141;16.2854031;48.193803;16078;25.37;2;OnDemand;369.29
142;16.3369933;48.1809766;15801;31.4;2;OnDemand;381.69
143;16.3197747;48.1722782;6335;33.73;2;OnDemand;382.79
