id;longitude;latitude;request_node;service_time_min;cluster;type;arrival_time
1;16.4371334;48.1793636;15824;0;3;Depot;0
2;16.3743185;48.1891707;3769;31.08;3;Scheduled;0
3;16.5405941;48.2146101;8843;31.65;3;Scheduled;0
4;16.3621347;48.201073;5094;30.92;3;Scheduled;0
5;16.3215563;48.1626891;6691;24.71;3;Scheduled;0
6;16.2746377;48.1643979;6841;22.69;3;Scheduled;0
7;16.2513883;48.218416;8167;24.77;3;Scheduled;0
8;16.3158267;48.2140857;2922;26.38;2;Scheduled;0
9;16.4352745;48.2527037;5086;29.45;1;Scheduled;0
10;16.4277677;48.2472969;10288;22.26;1;OnDemand;2.07
11;16.4598374;48.2408557;13976;22.48;1;OnDemand;2.42
12;16.41623;48.2305969;7962;24.8;1;OnDemand;2.47
13;16.3295866;48.1718667;11643;24.46;2;OnDemand;3.27
14;16.419344;48.2611507;6463;32.44;1;OnDemand;10.37
15;16.415203;48.2323589;6319;27.87;1;OnDemand;11.78
16;16.3272905;48.2109258;2465;29.9;2;OnDemand;12.66
17;16.2824222;48.1791866;2142;28.12;2;OnDemand;13.33
18;16.4115357;48.260611;1632;22.91;1;OnDemand;17.88
19;16.3026504;48.2008989;1138;33.18;2;OnDemand;19.48
20;16.2970909;48.1720115;184;32.71;2;OnDemand;24.24
21;16.3121364;48.2126054;6956;29.8;2;OnDemand;30.42
22;16.4346377;48.2416571;2188;23.35;1;OnDemand;37.54
23;16.3014872;48.1860808;15045;26.7;2;OnDemand;37.94
24;16.2841837;48.1962271;485;34.05;2;OnDemand;38.12
25;16.475418;48.2433104;9729;25.28;1;OnDemand;42.41
26;16.3222571;48.2152496;2931;20.27;2;OnDemand;44.71
27;16.2990371;48.1844868;11107;33.49;2;OnDemand;48.91
28;16.4538414;48.2751266;12981;31.29;1;OnDemand;51.27
29;16.3274724;48.1912906;14776;23.63;2;OnDemand;55.37
30;16.4127936;48.2487215;5027;21.76;1;OnDemand;55.39
31;16.4491715;48.2556169;10003;30.71;1;OnDemand;62.88
32;16.3077223;48.1880741;2801;34.1;2;OnDemand;64.57
33;16.4503285;48.2308397;4122;29.29;1;OnDemand;65.73
34;16.328507;48.1996148;2731;24.97;2;OnDemand;69.11
35;16.3260069;48.1747205;5592;28.78;2;OnDemand;71.85
36;16.2971695;48.1778988;8997;33.04;2;OnDemand;72.09
37;16.3300845;48.2008169;1596;32.32;2;OnDemand;72.34
38;16.3021813;48.1765511;9880;28.08;2;OnDemand;79.55
39;16.4664265;48.246612;7408;22.81;1;OnDemand;82.78
40;16.3205503;48.1886179;7019;28.98;2;OnDemand;86.51
41;16.4737043;48.2656929;7421;27.48;1;OnDemand;87.16
42;16.4141221;48.2318625;11094;26.26;1;OnDemand;88.77
43;16.472565;48.2634544;7420;26.34;1;OnDemand;89.89
44;16.3476508;48.1846547;6625;32.84;2;OnDemand;90.63
45;16.4535236;48.2730384;7299;20.19;1;OnDemand;90.94
46;16.3315962;48.2082867;1475;28.87;2;OnDemand;93.22
47;16.3023491;48.2047929;992;30.26;2;OnDemand;96.57
48;16.4492355;48.2484172;5054;26.85;1;OnDemand;97.49
49;16.4169078;48.2310003;14926;34.22;1;OnDemand;100.13
50;16.3559284;48.1914654;3711;26.74;2;OnDemand;100.53
51;16.4188073;48.2617544;10776;21.74;1;OnDemand;101.05
52;16.3198001;48.1848954;29;31.63;2;OnDemand;101.16
53;16.4467721;48.245558;7373;34.27;1;OnDemand;102.49
54;16.4366775;48.2630667;5492;34.13;1;OnDemand;106.7
55;16.4496921;48.271606;5651;28.72;1;OnDemand;109.03
56;16.3217492;48.1818566;5344;25.49;2;OnDemand;115.75
57;16.2983033;48.1855776;11102;33.76;2;OnDemand;119.02
58;16.4045281;48.2466824;676;31.47;1;OnDemand;121.48
59;16.3301305;48.1915626;14756;22.93;2;OnDemand;121.79
60;16.2839396;48.1918235;10648;34.23;2;OnDemand;127.47
61;16.3526536;48.1890634;14420;31.3;2;OnDemand;128.62
62;16.3256508;48.2127179;16053;34.77;2;OnDemand;129.77
63;16.4252477;48.2275525;14660;24.21;1;OnDemand;131.23
64;16.4555628;48.2288462;1804;32.93;1;OnDemand;132.82
65;16.285966;48.178228;11117;23.7;2;OnDemand;134.82
66;16.4330932;48.2509397;10641;23.17;1;OnDemand;138.65
67;16.4312113;48.2382574;4339;29.71;1;OnDemand;138.75
68;16.4469208;48.2342893;7396;31.72;1;OnDemand;141.32
69;16.3162411;48.1665219;10587;33.58;2;OnDemand;152
70;16.3174286;48.2016019;1203;21.83;2;OnDemand;156.91
71;16.3163717;48.2000956;13551;29.35;2;OnDemand;158.13
72;16.4541516;48.255703;8486;34.87;1;OnDemand;158.38
73;16.3388145;48.1884792;1734;24.62;2;OnDemand;159.97
74;16.4188073;48.2617544;10776;20.08;1;OnDemand;161.08
75;16.3413026;48.20772;13224;33.42;2;OnDemand;161.29
76;16.4592281;48.2563341;14947;33.37;1;OnDemand;161.49
77;16.4711083;48.2421306;5675;25.71;1;OnDemand;162.6
78;16.4301568;48.2392336;670;32.54;1;OnDemand;166.2
79;16.3296858;48.1959362;870;31.87;2;OnDemand;169.3
80;16.4442529;48.2487819;5052;33.34;1;OnDemand;171.46
81;16.3156267;48.176574;13346;21.56;2;OnDemand;177.62
82;16.4160782;48.263639;6464;29.99;1;OnDemand;185.32
83;16.4341372;48.2410177;12824;31.66;1;OnDemand;185.48
84;16.3540197;48.1839656;2040;32.46;2;OnDemand;185.5
85;16.4381535;48.2503949;15653;23.16;1;OnDemand;193.16
86;16.3512439;48.2022516;13243;22.85;2;OnDemand;193.4
87;16.3218663;48.2071616;2385;25.28;2;OnDemand;193.78
88;16.332593;48.181246;5310;22.54;2;OnDemand;195.26
89;16.3077531;48.213276;289;21.29;2;OnDemand;212.49
90;16.448618;48.2391578;4353;28.86;1;OnDemand;215.2
91;16.3315881;48.1931779;1914;35;2;OnDemand;216.09
92;16.4661789;48.2308794;5487;31.34;1;OnDemand;221.48
93;16.446568;48.2464357;5496;21.69;1;OnDemand;222.62
94;16.447577;48.2453886;7319;31.57;1;OnDemand;226.04
95;16.4431629;48.2697885;10232;28.66;1;OnDemand;231.88
96;16.4243361;48.2287895;6951;21.49;1;OnDemand;240.2
97;16.3242206;48.2152776;2933;28.06;2;OnDemand;241.06
98;16.2917731;48.2046897;999;32.95;2;OnDemand;242
99;16.4396218;48.2299081;7981;22.85;1;OnDemand;250.61
100;16.4253546;48.2275761;14309;25.61;1;OnDemand;254.81
101;16.4319902;48.2543892;12274;29.04;1;OnDemand;255.24
102;16.3315881;48.1931779;1914;24.6;2;OnDemand;255.58
103;16.4764398;48.2655478;2133;31.17;1;OnDemand;256.8
104;16.3527921;48.1902719;11940;29.27;2;OnDemand;258.42
105;16.3088108;48.2091423;244;31.67;2;OnDemand;264.62
106;16.3417939;48.1963;1496;20.21;2;OnDemand;264.76
107;16.3303188;48.2008655;2820;20.19;2;OnDemand;265.23
108;16.4420406;48.2501168;4333;23.14;1;OnDemand;265.57
109;16.3142789;48.2004183;1194;22.75;2;OnDemand;268.69
110;16.3196142;48.1714741;11652;21.49;2;OnDemand;270.61
111;16.3327453;48.1922048;14772;26.51;2;OnDemand;271.63
112;16.3398423;48.193468;11431;21.38;2;OnDemand;272.64
113;16.4543315;48.2337921;11635;27.11;1;OnDemand;284.97
114;16.3170456;48.1739261;7381;28.51;2;OnDemand;285.13
115;16.3457995;48.1784356;6304;24.6;2;OnDemand;285.98
116;16.3161941;48.215194;2921;24.71;2;OnDemand;290.44
117;16.3337157;48.2053503;2873;30.48;2;OnDemand;290.7
118;16.4477631;48.2504956;13128;24.67;1;OnDemand;291.47
119;16.3277398;48.1771703;5321;27.71;2;OnDemand;292.33
120;16.3271092;48.2023825;10589;26.14;2;OnDemand;297.26
121;16.4404783;48.2436399;12559;22.72;1;OnDemand;303.09
122;16.3158577;48.199638;1209;25.13;2;OnDemand;304.24
123;16.4121027;48.2440896;13189;32.3;1;OnDemand;313.13
124;16.4482418;48.2764438;5645;32.81;1;OnDemand;315.35
125;16.3305418;48.1891275;3627;25.52;2;OnDemand;316.67
126;16.2808185;48.195939;15870;20.49;2;OnDemand;320.97
127;16.4510247;48.2274258;14518;28.07;1;OnDemand;321.22
128;16.4494396;48.2598309;4330;22.24;1;OnDemand;328.93
129;16.4325872;48.2407901;5082;34.75;1;OnDemand;333.84
130;16.4083789;48.2549045;13625;28.91;1;OnDemand;337.37
131;16.3306641;48.200229;12915;28.67;2;OnDemand;341.42
132;16.444603;48.2531358;7501;20.83;1;OnDemand;342.1
133;16.4045281;48.2466824;676;22.5;1;OnDemand;343.51
134;16.3285498;48.2107423;2464;23.92;2;OnDemand;349.22
135;16.4482192;48.2670634;5271;25.82;1;OnDemand;353
136;16.4163412;48.2532278;15717;25.6;1;OnDemand;355.64
137;16.343516;48.1781362;10560;28.48;2;OnDemand;358.79
138;16.4334758;48.2692205;12604;20.85;1;OnDemand;360.38
139;16.316793;48.1763756;10598;22;2;OnDemand;361.88
140;16.301324;48.1964363;13304;32.79;2;OnDemand;362.09
141;16.3075737;48.1936584;945;20.4;2;OnDemand;363.46
142;16.4520332;48.2483034;13873;32.34;1;OnDemand;368.27
143;16.4208693;48.234233;663;24.79;1;OnDemand;375.03
144;16.3191228;48.1678456;14984;31.95;2;OnDemand;375.78
145;16.4513852;48.230529;7972;30.55;1;OnDemand;377.18
146;16.328515;48.1795032;10670;34.52;2;OnDemand;380.57
147;16.4429868;48.2446405;12525;22.68;1;OnDemand;381.61
148;16.2825836;48.1806291;3029;31.2;2;OnDemand;384.01
