id;longitude;latitude;request_node;service_time_min;cluster;type;arrival_time
1;16.4371334;48.1793636;15824;0;3;Depot;0
2;16.3389235;48.2536023;12138;28.6;3;Scheduled;0
3;16.3760482;48.1839801;10936;30.14;3;Scheduled;0
4;16.4472271;48.206604;2254;25.07;3;Scheduled;0
5;16.2970579;48.1437345;6858;29.2;3;Scheduled;0
6;16.4625429;48.2433252;13176;22.91;1;Scheduled;0
7;16.354337;48.2305485;1832;22.12;3;Scheduled;0
8;16.3872213;48.1930981;3796;22.05;3;Scheduled;0
9;16.3311692;48.1915548;13533;31.13;2;Scheduled;0
10;16.4243684;48.2459086;7238;25.87;1;Scheduled;0
11;16.2495471;48.2144965;1526;29.26;3;Scheduled;0
12;16.3865328;48.194975;15762;30.19;3;Scheduled;0
13;16.3915419;48.2113848;4482;23.2;3;Scheduled;0
14;16.3752207;48.2003333;3877;23.39;3;Scheduled;0
15;16.2675426;48.1879346;825;27.32;3;Scheduled;0
16;16.3655755;48.2467432;13230;24.71;3;Scheduled;0
17;16.291986;48.1658331;9012;34.78;3;Scheduled;0
18;16.3486708;48.138177;9035;22.79;3;Scheduled;0
19;16.2773099;48.2010451;3599;32.46;3;Scheduled;0
20;16.3368428;48.1942093;6041;32.36;2;Scheduled;0
21;16.5224519;48.212204;9188;25.7;3;Scheduled;0
22;16.4332118;48.2514805;14463;33.74;1;Scheduled;0
23;16.4432392;48.2340148;13850;25.07;1;Scheduled;0
24;16.4278829;48.250683;14792;30.11;1;Scheduled;0
25;16.522462;48.2338943;9173;28.1;3;Scheduled;0
26;16.2874785;48.168866;15067;29.67;3;Scheduled;0
27;16.4304257;48.3022452;12282;26.14;3;Scheduled;0
28;16.3592903;48.2184532;14153;26.8;3;Scheduled;0
29;16.4160637;48.2999435;9300;21.18;3;Scheduled;0
30;16.3573443;48.2074172;13433;20.37;3;Scheduled;0
31;16.3752976;48.2494937;12761;25.21;3;Scheduled;0
32;16.3752338;48.1975643;3890;33.66;3;Scheduled;0
33;16.3309683;48.2233015;1648;32.42;3;Scheduled;0
34;16.3552954;48.1844088;2041;22.41;3;Scheduled;0
35;16.3001086;48.1970493;949;31.61;2;Scheduled;0
36;16.3627463;48.2194294;15543;22.86;3;Scheduled;0
37;16.412053;48.173702;6235;24.54;3;Scheduled;0
38;16.4525617;48.2055107;6412;34.67;3;Scheduled;0
39;16.4102084;48.1700944;9678;31.86;3;Scheduled;0
40;16.3972388;48.1536281;9622;20.43;3;Scheduled;0
41;16.4494396;48.2598309;4330;24.04;1;Scheduled;0
42;16.3559719;48.1801633;15413;32.68;3;Scheduled;0
43;16.3341981;48.2307016;5037;33.38;3;Scheduled;0
44;16.4776923;48.2090324;2193;23.1;3;Scheduled;0
45;16.3046316;48.2325686;11727;25.51;3;Scheduled;0
46;16.3493151;48.2299392;3263;30.03;3;Scheduled;0
47;16.4207177;48.2343625;664;33.26;1;Scheduled;0
48;16.3880249;48.2082087;4489;27.37;3;Scheduled;0
49;16.3062124;48.2088618;2857;24.93;2;Scheduled;0
50;16.4076235;48.1407662;8703;20.59;3;Scheduled;0
51;16.5440044;48.2122971;8819;28.61;3;Scheduled;0
52;16.4359625;48.2368372;4343;20.93;1;Scheduled;0
53;16.3769443;48.2100813;11271;20.07;3;Scheduled;0
54;16.3437709;48.2160559;14803;31.6;3;Scheduled;0
55;16.4133214;48.2325676;11995;34.81;1;Scheduled;0
56;16.4278807;48.2472767;8595;23.97;1;Scheduled;0
57;16.3654881;48.2171758;364;28.06;3;Scheduled;0
58;16.2827508;48.195297;490;20.68;2;Scheduled;0
59;16.3682287;48.2442366;12903;34.22;3;Scheduled;0
60;16.5350384;48.259622;8939;26.68;3;Scheduled;0
61;16.3419359;48.2526573;8124;24.57;3;Scheduled;0
62;16.4097376;48.2525574;11386;31.37;1;Scheduled;0
63;16.4322658;48.1701029;7630;23.82;3;Scheduled;0
64;16.526985;48.2307917;15685;20.39;3;Scheduled;0
65;16.3751151;48.2309853;15508;27.26;3;Scheduled;0
66;16.403024;48.3035742;9306;34.69;3;Scheduled;0
67;16.3839743;48.162368;9058;26.79;3;Scheduled;0
68;16.479058;48.234772;10311;22.12;3;Scheduled;0
69;16.2967007;48.2382103;11826;27.38;3;Scheduled;0
70;16.449788;48.2313161;5041;27.2;1;Scheduled;0
71;16.3793199;48.1696384;5199;24.7;3;Scheduled;0
72;16.2185703;48.1239581;14243;25.12;3;Scheduled;0
73;16.4925838;48.2613827;10247;21.12;3;Scheduled;0
74;16.3176933;48.1615322;5600;23.59;3;Scheduled;0
75;16.3668157;48.2159336;1489;28.36;3;Scheduled;0
76;16.2940389;48.2349245;11083;25.74;3;Scheduled;0
77;16.3408749;48.2158223;2557;21.63;3;Scheduled;0
78;16.4655256;48.2035214;13115;22.1;3;Scheduled;0
79;16.4237122;48.2869972;12668;20.6;3;Scheduled;0
80;16.3750401;48.217657;4185;27.07;3;Scheduled;0
81;16.3891173;48.2187132;12414;27.29;3;Scheduled;0
82;16.2341853;48.21177;4832;33.17;3;Scheduled;0
83;16.3118683;48.2596399;13838;29.45;3;Scheduled;0
84;16.3106105;48.2469959;6005;24.35;3;Scheduled;0
85;16.3355254;48.1497227;14435;34.13;3;Scheduled;0
86;16.3635983;48.2232777;3280;27.62;3;Scheduled;0
87;16.4333608;48.2429621;14483;22.14;1;Scheduled;0
88;16.4683505;48.2152269;2172;26.71;3;Scheduled;0
89;16.2355583;48.2138342;4849;32.3;3;Scheduled;0
90;16.4400871;48.2748209;7306;21.13;1;Scheduled;0
91;16.4028417;48.2411324;13960;24.14;3;Scheduled;0
92;16.4447632;48.2617247;5635;21.59;1;Scheduled;0
93;16.4658284;48.1566854;12290;34.78;3;Scheduled;0
94;16.4031117;48.1539204;9627;30.33;3;Scheduled;0
95;16.3671744;48.2117373;4762;23.71;3;Scheduled;0
96;16.4455391;48.256078;4322;24.89;1;Scheduled;0
97;16.4120693;48.1745099;15363;31.6;3;Scheduled;0
98;16.5339195;48.2281031;8218;33.66;3;Scheduled;0
99;16.4693095;48.199043;14575;32.53;3;Scheduled;0
100;16.3749653;48.2529758;13480;34.26;3;Scheduled;0
101;16.3135091;48.148937;11685;21.55;3;Scheduled;0
102;16.2982426;48.2237241;14465;28.76;3;Scheduled;0
103;16.3537115;48.1738771;4879;25.86;3;Scheduled;0
104;16.3428759;48.268569;11156;23.24;3;Scheduled;0
105;16.4199102;48.2350941;6331;26.37;1;Scheduled;0
106;16.4755358;48.2450966;9736;31.44;1;Scheduled;0
107;16.4157352;48.2800459;1768;25.26;3;Scheduled;0
108;16.332257;48.1994058;1279;27.57;2;Scheduled;0
109;16.4015372;48.2397115;13456;31.56;3;Scheduled;0
110;16.4392869;48.2312634;4357;25.53;1;Scheduled;0
111;16.30765;48.2504997;11632;21.82;3;Scheduled;0
112;16.2726061;48.2044133;1013;32.72;3;Scheduled;0
113;16.3300845;48.2008169;1596;31.22;2;Scheduled;0
114;16.3656969;48.2346248;3009;23.94;3;Scheduled;0
115;16.4507427;48.1400616;13446;29.64;3;Scheduled;0
116;16.3013737;48.1861685;15047;24.97;2;OnDemand;1.22
117;16.435379;48.2591717;4464;24.55;1;OnDemand;46.29
118;16.4311666;48.2438917;1802;27.08;1;OnDemand;46.78
119;16.4216268;48.2361111;11935;30.11;1;OnDemand;49.62
120;16.3299769;48.203845;2825;33.8;2;OnDemand;70.51
121;16.2842232;48.2037994;906;26.38;2;OnDemand;71.71
122;16.3218663;48.2071616;2385;33.27;2;OnDemand;81.89
123;16.3389863;48.1761694;14582;33.65;2;OnDemand;107.69
124;16.4375948;48.269108;5640;32.49;1;OnDemand;115.77
125;16.4323354;48.2731297;5277;31.89;1;OnDemand;129.21
126;16.3389668;48.1900604;3690;32.18;2;OnDemand;130.16
127;16.444603;48.2531358;7501;27.99;1;OnDemand;139.77
128;16.3269769;48.1722528;14940;34.34;2;OnDemand;158.63
129;16.4526092;48.2297971;7971;23.86;1;OnDemand;185.52
130;16.4135634;48.2572756;13826;33.11;1;OnDemand;201.11
131;16.4715427;48.2438251;9982;31.49;1;OnDemand;205.41
132;16.4128559;48.2595807;4119;22.39;1;OnDemand;243.49
133;16.3327504;48.1801967;5341;26.82;2;OnDemand;262.93
134;16.404665;48.2575149;15372;22.5;1;OnDemand;270.38
135;16.4284576;48.2404223;5076;25.76;1;OnDemand;273.21
136;16.4581845;48.2263343;2299;20.14;1;OnDemand;284.98
137;16.4403545;48.2499454;12264;32.58;1;OnDemand;289.75
138;16.3521709;48.1935568;3930;22.42;2;OnDemand;291.31
139;16.4741896;48.2557138;13879;23.29;1;OnDemand;306.9
140;16.4704531;48.2542181;7417;21.95;1;OnDemand;310.33
141;16.4101887;48.2350933;5160;29.13;1;OnDemand;316.25
142;16.3384021;48.194129;6039;26.38;2;OnDemand;320.64
143;16.31661;48.2079641;6220;29.89;2;OnDemand;320.83
144;16.3150199;48.1711559;875;29.79;2;OnDemand;353.97
145;16.3220096;48.1833903;7151;30.94;2;OnDemand;355.88
146;16.4430093;48.2542116;12486;21.07;1;OnDemand;376.06
