id;longitude;latitude;request_node;service_time_min;cluster;type;arrival_time
1;16.4371334;48.1793636;15824;0;3;Depot;0
2;16.4603543;48.2231718;13262;29.4;3;Scheduled;0
3;16.3713021;48.1708098;4805;33.74;3;Scheduled;0
4;16.27845;48.1732016;11013;22.74;3;Scheduled;0
5;16.3816115;48.2446664;12703;26.73;3;Scheduled;0
6;16.3174785;48.2229172;12679;23.86;3;Scheduled;0
7;16.399751;48.1887861;8464;28.91;3;Scheduled;0
8;16.4699881;48.2277848;5468;25.95;3;Scheduled;0
9;16.3892948;48.2023366;14288;33.1;3;Scheduled;0
10;16.3635971;48.225016;3275;22.62;3;Scheduled;0
11;16.4609164;48.1454566;3452;32.14;3;Scheduled;0
12;16.4355239;48.2507014;15656;31.91;1;Scheduled;0
13;16.3825067;48.2113874;689;29.07;3;Scheduled;0
14;16.3213189;48.2325712;11850;20.78;3;Scheduled;0
15;16.2823714;48.1679681;10176;30.37;3;Scheduled;0
16;16.2808093;48.1361538;6786;22.27;3;Scheduled;0
17;16.3615689;48.2442322;14837;23.01;3;Scheduled;0
18;16.4516507;48.247888;14799;21.55;1;Scheduled;0
19;16.4062248;48.2222459;12767;20.19;3;Scheduled;0
20;16.4452072;48.2810792;4913;29.79;3;Scheduled;0
21;16.4323417;48.2521239;10610;23.63;1;Scheduled;0
22;16.2912805;48.1655895;9014;21.93;3;Scheduled;0
23;16.391396;48.2096893;5694;20.87;3;Scheduled;0
24;16.2373279;48.205976;9863;30.6;3;Scheduled;0
25;16.414477;48.1637283;6374;20.46;3;Scheduled;0
26;16.4586627;48.2360925;15648;33.2;1;Scheduled;0
27;16.5176851;48.2099827;9781;20.24;3;Scheduled;0
28;16.3756252;48.1503846;7016;27.65;3;Scheduled;0
29;16.4399051;48.2903644;13935;29.67;3;Scheduled;0
30;16.4074659;48.160282;8675;30.45;3;Scheduled;0
31;16.3850481;48.2571665;682;29.87;3;Scheduled;0
32;16.3121502;48.1487573;10789;23.85;3;Scheduled;0
33;16.3756113;48.203756;3944;34.97;3;Scheduled;0
34;16.3648714;48.2563801;7789;30.39;3;Scheduled;0
35;16.2966612;48.1981533;935;20.76;2;Scheduled;0
36;16.2468499;48.2185481;8335;21.52;3;Scheduled;0
37;16.3947372;48.2054112;6188;27.2;3;Scheduled;0
38;16.4539154;48.2235968;2285;27.04;3;Scheduled;0
39;16.2612091;48.1871225;10959;23.99;3;Scheduled;0
40;16.2380872;48.2069384;9861;21.34;3;Scheduled;0
41;16.3590369;48.1809255;15186;29.17;3;Scheduled;0
42;16.2742856;48.1826182;3080;25.92;3;Scheduled;0
43;16.3083966;48.2285806;7542;28.09;3;Scheduled;0
44;16.3829685;48.2107607;10695;32.92;3;Scheduled;0
45;16.3885713;48.2271767;12716;31.29;3;Scheduled;0
46;16.3232337;48.2179475;2940;31.37;2;Scheduled;0
47;16.36018;48.2267486;14725;33.86;3;Scheduled;0
48;16.3754654;48.2816787;6493;24.93;3;Scheduled;0
49;16.3764681;48.2338661;129;22.35;3;Scheduled;0
50;16.3756435;48.202134;3958;23.23;3;Scheduled;0
51;16.269628;48.1979588;465;21.69;3;Scheduled;0
52;16.2903134;48.190882;962;22.94;2;Scheduled;0
53;16.4036915;48.195799;12019;32.86;3;Scheduled;0
54;16.352322;48.1712886;11778;23.42;3;Scheduled;0
55;16.4365973;48.2028941;1664;31.51;3;Scheduled;0
56;16.3874548;48.1283683;4054;29.26;3;Scheduled;0
57;16.4902183;48.2560095;2351;28.54;3;Scheduled;0
58;16.4308448;48.2763811;16069;22.31;3;Scheduled;0
59;16.315898;48.2348266;7468;20.52;3;Scheduled;0
60;16.4841475;48.2930853;13774;34.97;3;Scheduled;0
61;16.3783496;48.2004917;1312;32.53;3;Scheduled;0
62;16.2984905;48.1538859;8977;28.8;3;Scheduled;0
63;16.5412414;48.2531198;8199;25.09;3;Scheduled;0
64;16.4430951;48.254283;675;22.5;1;Scheduled;0
65;16.4331181;48.2428216;7148;32.11;1;Scheduled;0
66;16.469006;48.1629934;12287;29.74;3;Scheduled;0
67;16.3800648;48.2742158;9053;30.58;3;Scheduled;0
68;16.3378078;48.1352401;13860;26.77;3;Scheduled;0
69;16.3933974;48.2241985;14331;21.08;3;Scheduled;0
70;16.4442931;48.2544313;4321;25.44;1;Scheduled;0
71;16.4002899;48.203344;1684;29.71;3;Scheduled;0
72;16.3751845;48.2016476;3957;30.88;3;Scheduled;0
73;16.3226516;48.1916612;2764;26.34;2;Scheduled;0
74;16.3024489;48.1261383;12102;28.87;3;Scheduled;0
75;16.2780379;48.1622156;12017;31.97;3;Scheduled;0
76;16.3084625;48.2078764;357;32.71;2;Scheduled;0
77;16.3436531;48.2169851;2494;20.01;3;Scheduled;0
78;16.4440372;48.266891;9366;24.5;1;OnDemand;2.41
79;16.4588305;48.2415518;10854;30.41;1;OnDemand;13.26
80;16.4346805;48.251588;10002;34.46;1;OnDemand;20.64
81;16.3461799;48.1662805;12725;21.95;3;OnDemand;23.31
82;16.3250882;48.2267417;15274;21.14;3;OnDemand;23.86
83;16.337218;48.1905816;350;28.51;2;OnDemand;25.11
84;16.3610144;48.1817587;7385;28.33;3;OnDemand;27
85;16.4290835;48.171751;12873;20.92;3;OnDemand;30.37
86;16.2823471;48.1939739;489;30.11;2;OnDemand;30.51
87;16.4535021;48.2346587;10228;33.71;1;OnDemand;40.26
88;16.4381664;48.2504517;13870;33.32;1;OnDemand;57.31
89;16.3764857;48.1705421;3988;24.87;3;OnDemand;58.88
90;16.4745636;48.2436784;9735;21.39;1;OnDemand;60.42
91;16.4527206;48.2282808;2122;32.47;1;OnDemand;62.45
92;16.4469858;48.2400708;15010;21.91;1;OnDemand;76.51
93;16.3440176;48.1792131;7870;33.03;2;OnDemand;78.63
94;16.3610301;48.1922062;3758;34.3;3;OnDemand;88.15
95;16.3121637;48.1682383;5597;27.49;2;OnDemand;89.24
96;16.3375176;48.1856216;749;29.82;2;OnDemand;91.24
97;16.4578426;48.1702672;14521;22.91;3;OnDemand;93.32
98;16.401333;48.2434969;4378;31.44;3;OnDemand;94.45
99;16.3718308;48.2544306;13321;28.21;3;OnDemand;97.25
100;16.434959;48.2561143;4467;23.21;1;OnDemand;107.98
101;16.3208627;48.1954179;2759;30.38;2;OnDemand;109.91
102;16.441812;48.2336312;7390;34.59;1;OnDemand;110.17
103;16.4477631;48.2504956;13128;28.34;1;OnDemand;116.05
104;16.3254141;48.1718379;15577;27.92;2;OnDemand;116.13
105;16.3476586;48.1385191;9034;23.25;3;OnDemand;117.79
106;16.4216268;48.2361111;11935;30.21;1;OnDemand;126.62
107;16.3438498;48.2579613;12046;31.19;3;OnDemand;132.49
108;16.287865;48.1465059;6764;26.96;3;OnDemand;149.65
109;16.448016;48.2702852;4433;22.06;1;OnDemand;150.1
110;16.3429443;48.1937032;11985;32.22;2;OnDemand;170.7
111;16.2871931;48.2003222;427;32.48;2;OnDemand;171.96
112;16.327987;48.1783253;5320;25.31;2;OnDemand;172.74
113;16.4399921;48.2428929;7778;34.68;1;OnDemand;192.71
114;16.4253372;48.3029548;6574;34.82;3;OnDemand;194.15
115;16.2937615;48.2068609;995;29.52;2;OnDemand;195.69
116;16.4289227;48.2450053;12504;34.13;1;OnDemand;201.9
117;16.4097725;48.2497372;11352;20.21;1;OnDemand;204.41
118;16.3060105;48.1937824;9416;20.38;2;OnDemand;219.76
119;16.4136411;48.1817892;15659;27.29;3;OnDemand;230.51
120;16.4044412;48.2509023;7246;24.02;1;OnDemand;237.49
121;16.4670489;48.2343276;15707;31.46;1;OnDemand;239.81
122;16.4611463;48.2627332;7494;27.32;1;OnDemand;244.18
123;16.3341518;48.181162;10656;31.2;2;OnDemand;247.77
124;16.4478595;48.2714431;5649;20.64;1;OnDemand;265.27
125;16.4530994;48.2455471;13835;26.61;1;OnDemand;266.17
126;16.342644;48.2461465;7554;22.19;3;OnDemand;267.79
127;16.3432283;48.1990003;2059;26.63;2;OnDemand;268.03
128;16.3106353;48.1947681;1061;24.26;2;OnDemand;275.88
129;16.3548588;48.1906037;762;21.1;2;OnDemand;278.35
130;16.458554;48.2548531;13038;30.28;1;OnDemand;278.48
131;16.4262096;48.2731675;10705;31.92;1;OnDemand;282.78
132;16.4623393;48.2355369;7400;28.07;1;OnDemand;293.34
133;16.301868;48.192121;13748;20.37;2;OnDemand;297.14
134;16.4134992;48.2525262;9597;24.17;1;OnDemand;298.62
135;16.3334808;48.192767;13534;32.61;2;OnDemand;304.63
136;16.4208524;48.2584249;4462;27.01;1;OnDemand;309.4
137;16.4331828;48.2543401;12273;31.4;1;OnDemand;311.05
138;16.3339883;48.1932434;3622;34.97;2;OnDemand;314.05
139;16.3350137;48.1987593;2864;31.67;2;OnDemand;315.02
140;16.3918188;48.2597522;7958;33.19;3;OnDemand;318.75
141;16.3875881;48.2164612;11398;27.4;3;OnDemand;326.84
142;16.3317489;48.2105673;1511;30.63;2;OnDemand;333.33
143;16.4738022;48.2479753;12617;27.31;1;OnDemand;333.85
144;16.3566315;48.2351129;3247;31.73;3;OnDemand;334.69
145;16.4386927;48.2576225;13503;33.68;1;OnDemand;339.89
146;16.3765613;48.1738834;15287;24.29;3;OnDemand;345.84
147;16.3317489;48.2105673;1511;29.13;2;OnDemand;346.39
148;16.3441242;48.2870151;12178;28.12;3;OnDemand;348.06
149;16.3079974;48.1983992;1105;34.95;2;OnDemand;349.22
150;16.4262096;48.2731675;10705;29.16;1;OnDemand;351.99
151;16.3151683;48.1979575;1095;23.16;2;OnDemand;362.2
152;16.4591715;48.2584812;14601;24.76;1;OnDemand;372.91
153;16.4524271;48.2458996;15835;33.59;1;OnDemand;377.05
