id;longitude;latitude;request_node;service_time_min;cluster;type;arrival_time
1;16.4371334;48.1793636;15824;0;3;Depot;0
2;16.3083212;48.2233666;8003;27.53;3;Scheduled;0
3;16.369448;48.2235657;4774;22.85;3;Scheduled;0
4;16.29052;48.2125488;10368;20.03;2;Scheduled;0
5;16.3195395;48.1560293;13217;33.16;3;Scheduled;0
6;16.2771417;48.1542445;9724;22.01;3;Scheduled;0
7;16.3898564;48.1432395;12758;20.34;3;Scheduled;0
8;16.2731241;48.1879173;10538;34.09;3;Scheduled;0
9;16.4047518;48.1846417;8461;24.39;3;Scheduled;0
10;16.3974802;48.138088;4049;22.46;3;Scheduled;0
11;16.3778727;48.213534;13498;25.99;3;Scheduled;0
12;16.335199;48.2471619;11570;26.89;3;Scheduled;0
13;16.5234499;48.214644;12256;26.51;3;Scheduled;0
14;16.3286983;48.1385561;8788;27.76;3;Scheduled;0
15;16.3381316;48.2085805;1300;32.69;2;Scheduled;0
16;16.3530939;48.2519371;14261;20.83;3;Scheduled;0
17;16.4368328;48.2616086;5636;28.31;1;OnDemand;4.68
18;16.45452;48.2276787;2279;30.32;1;OnDemand;5.65
19;16.3482869;48.1837891;1935;29.87;2;OnDemand;7.15
20;16.4326067;48.2554153;12272;29.95;1;OnDemand;10
21;16.3218663;48.2071616;2385;27.08;2;OnDemand;13.44
22;16.4314778;48.247602;12555;34.54;1;OnDemand;17.45
23;16.3082959;48.2005611;1151;26.03;2;OnDemand;20.69
24;16.4612148;48.2377907;7412;32.74;1;OnDemand;20.77
25;16.3296858;48.1959362;870;31.35;2;OnDemand;22.79
26;16.4559659;48.2258868;2283;27.99;1;OnDemand;23.66
27;16.2955212;48.1816033;15051;33.11;2;OnDemand;24.85
28;16.4148677;48.232392;6324;27.01;1;OnDemand;26.48
29;16.4262096;48.2731675;10705;20.12;1;OnDemand;28.39
30;16.2974341;48.170406;7142;30.92;2;OnDemand;29.32
31;16.3316716;48.1964612;2729;30.75;2;OnDemand;29.59
32;16.4367914;48.2592096;4469;22.81;1;OnDemand;30.86
33;16.2994604;48.1925091;2788;29.69;2;OnDemand;37.08
34;16.3002938;48.172131;9750;28.13;2;OnDemand;47.16
35;16.3300013;48.17391;6332;25.03;2;OnDemand;48.75
36;16.2869995;48.2086948;1042;29.57;2;OnDemand;49.45
37;16.4523929;48.2487411;14797;32.44;1;OnDemand;50.31
38;16.2989533;48.189136;2794;30.63;2;OnDemand;56.82
39;16.4479661;48.2646427;13251;25.23;1;OnDemand;58.71
40;16.3434316;48.1915825;10770;21.92;2;OnDemand;60.07
41;16.3074505;48.2021313;1154;25.82;2;OnDemand;60.81
42;16.3334845;48.1929135;14767;33.92;2;OnDemand;72.46
43;16.427724;48.2398183;11946;32.07;1;OnDemand;74.22
44;16.3315881;48.1931779;1914;31.38;2;OnDemand;78.13
45;16.3130869;48.2026022;1177;34.36;2;OnDemand;81.32
46;16.4673137;48.2473104;13111;34.91;1;OnDemand;81.91
47;16.4087417;48.2547957;13622;29.1;1;OnDemand;84.14
48;16.3389968;48.1897937;13281;20.44;2;OnDemand;86.8
49;16.3331449;48.1880469;14515;25.05;2;OnDemand;90.01
50;16.464288;48.2307661;5479;24.16;1;OnDemand;92.57
51;16.4386927;48.2576225;13503;21.76;1;OnDemand;94.78
52;16.442339;48.2341939;7391;20.65;1;OnDemand;95.63
53;16.3261491;48.210463;2398;25.55;2;OnDemand;96.23
54;16.4491715;48.2556169;10003;25.05;1;OnDemand;102.46
55;16.4167244;48.2309491;13473;22.6;1;OnDemand;104.34
56;16.4377885;48.2395439;11637;29.33;1;OnDemand;105.35
57;16.3107262;48.218528;14091;25.97;2;OnDemand;112.38
58;16.2984104;48.1856456;11103;34.34;2;OnDemand;119
59;16.3247731;48.209328;105;29.8;2;OnDemand;120.27
60;16.4804722;48.246661;5666;24.93;1;OnDemand;125.99
61;16.4208607;48.2566754;13606;22.96;1;OnDemand;127.48
62;16.4250494;48.2356073;15619;21.73;1;OnDemand;131.69
63;16.4588305;48.2415518;10854;34.94;1;OnDemand;132.36
64;16.4493256;48.248632;5051;25.69;1;OnDemand;138.88
65;16.2941422;48.2078215;1129;28.43;2;OnDemand;142.9
66;16.4087417;48.2547957;13622;30.99;1;OnDemand;146.78
67;16.3372277;48.1808627;15798;33.06;2;OnDemand;154.94
68;16.3391096;48.1845828;10342;28.58;2;OnDemand;155.31
69;16.4793452;48.2505966;5670;20.17;1;OnDemand;160.06
70;16.3339518;48.1773856;11708;33.59;2;OnDemand;162.33
71;16.3359059;48.2026086;2878;31.56;2;OnDemand;164.91
72;16.292912;48.1904091;965;25.74;2;OnDemand;168.85
73;16.4166459;48.2649961;7199;21.41;1;OnDemand;173.34
74;16.4696085;48.2299283;7114;20.74;1;OnDemand;174.49
75;16.4604817;48.2391951;13174;32.32;1;OnDemand;184.06
76;16.3322822;48.1878866;1589;32.44;2;OnDemand;184.62
77;16.3367061;48.1978377;1288;29.82;2;OnDemand;192.65
78;16.4199547;48.2564512;7324;21.99;1;OnDemand;192.8
79;16.3384663;48.181654;13923;25.13;2;OnDemand;193.24
80;16.301527;48.1991888;971;30.97;2;OnDemand;194.78
81;16.4449244;48.2366935;4348;33.61;1;OnDemand;197.3
82;16.3153914;48.2107562;2408;30.44;2;OnDemand;198.44
83;16.4413533;48.2750995;5276;23.62;1;OnDemand;198.92
84;16.3448013;48.1825993;5291;29.66;2;OnDemand;200.66
85;16.3488289;48.1926168;3706;24.21;2;OnDemand;209.59
86;16.4445936;48.2351459;4349;34.36;1;OnDemand;212.47
87;16.3234702;48.1758059;5327;22.38;2;OnDemand;213.66
88;16.3539469;48.1857077;15409;26.28;2;OnDemand;217.43
89;16.3103698;48.193413;255;23.78;2;OnDemand;221.81
90;16.4326067;48.2554153;12272;21.42;1;OnDemand;222.01
91;16.3026026;48.2055507;991;32.42;2;OnDemand;222.59
92;16.2806609;48.1874209;831;27.88;2;OnDemand;223.52
93;16.2918772;48.1718606;3181;30.02;2;OnDemand;223.6
94;16.4777985;48.2396486;5656;26.12;1;OnDemand;225.06
95;16.3532547;48.1830294;2045;32.64;2;OnDemand;226.27
96;16.2859046;48.2070188;1051;31.06;2;OnDemand;227.04
97;16.301527;48.1991888;971;25.22;2;OnDemand;239.49
98;16.2839851;48.2067979;1029;34.23;2;OnDemand;243.05
99;16.3266917;48.1666892;12763;29.7;2;OnDemand;245.16
100;16.2870956;48.1908269;32;20.53;2;OnDemand;259.87
101;16.2865352;48.2011496;81;28.95;2;OnDemand;260.09
102;16.3457546;48.2102304;2657;26.23;2;OnDemand;260.76
103;16.4072085;48.2582532;4147;21.15;1;OnDemand;261.73
104;16.2946085;48.1732651;3127;27.92;2;OnDemand;263.09
105;16.4470674;48.241618;7456;34.43;1;OnDemand;264.26
106;16.3282155;48.2152008;2568;30.63;2;OnDemand;269.47
107;16.4278001;48.2652767;14523;28.3;1;OnDemand;273.94
108;16.4262096;48.2731675;10705;23.64;1;OnDemand;275.53
109;16.4513855;48.2402149;12656;31.67;1;OnDemand;276.94
110;16.3380193;48.1909409;11991;29.78;2;OnDemand;279.66
111;16.4572003;48.2555768;9968;32.45;1;OnDemand;281.17
112;16.4287608;48.2280378;15616;29.73;1;OnDemand;283.14
113;16.306272;48.2128221;15566;27.2;2;OnDemand;285.22
114;16.285711;48.2101658;13858;27.43;2;OnDemand;286.91
115;16.4494396;48.2598309;4330;25.7;1;OnDemand;292.77
116;16.34785;48.206648;1481;26.76;2;OnDemand;294.76
117;16.2930478;48.1749411;3184;32.21;2;OnDemand;300.42
118;16.3038052;48.1702846;5707;33.93;2;OnDemand;306.07
119;16.3394444;48.2131924;2430;22.21;2;OnDemand;309.8
120;16.3107155;48.2136914;13793;31.25;2;OnDemand;311.5
121;16.2961784;48.1852988;201;34.63;2;OnDemand;314.83
122;16.4063777;48.2580574;12277;34.62;1;OnDemand;315.69
123;16.4229471;48.2528466;15548;25.26;1;OnDemand;316.06
124;16.4471657;48.2399665;15011;25.91;1;OnDemand;324.14
125;16.442854;48.2469667;5497;34.26;1;OnDemand;327.5
126;16.3530068;48.1891583;3739;21.6;2;OnDemand;330.85
127;16.3263802;48.1912019;2767;34.02;2;OnDemand;337.96
128;16.4363241;48.2506173;5630;25.19;1;OnDemand;339.4
129;16.4282623;48.2624823;9997;28;1;OnDemand;348.18
130;16.4174651;48.2565066;12471;28.08;1;OnDemand;352.47
131;16.4569182;48.2654772;14858;30.72;1;OnDemand;354.48
132;16.3148913;48.1964496;1076;26.09;2;OnDemand;359.87
133;16.3292926;48.2046993;2376;22.29;2;OnDemand;363.26
134;16.2955304;48.1773365;12116;25.1;2;OnDemand;364.88
135;16.3220096;48.1833903;7151;29.4;2;OnDemand;371.47
136;16.4789678;48.2408877;9124;20.86;1;OnDemand;372.96
137;16.4572392;48.2307273;10036;32.78;1;OnDemand;378
138;16.439601;48.2720229;12278;23.19;1;OnDemand;385.88
139;16.3025955;48.2003351;75;28.09;2;OnDemand;388.82
140;16.2954946;48.1782751;852;22.05;2;OnDemand;389.23
141;16.3394466;48.1707781;9001;24.87;2;OnDemand;391.05
142;16.4246344;48.2348182;9353;23.84;1;OnDemand;393.95
