id;longitude;latitude;request_node;service_time_min;cluster;type;arrival_time
1;16.4371334;48.1793636;15824;0;3;Depot;0
2;16.3083212;48.2233666;8003;23.86;3;Scheduled;0
3;16.369448;48.2235657;4774;20.7;3;Scheduled;0
4;16.29052;48.2125488;10368;26.27;2;Scheduled;0
5;16.3195395;48.1560293;13217;32.81;3;Scheduled;0
6;16.2771417;48.1542445;9724;25.21;3;Scheduled;0
7;16.3898564;48.1432395;12758;21.97;3;Scheduled;0
8;16.2731241;48.1879173;10538;25.62;3;Scheduled;0
9;16.4047518;48.1846417;8461;29.47;3;Scheduled;0
10;16.3974802;48.138088;4049;25.85;3;Scheduled;0
11;16.3778727;48.213534;13498;30.34;3;Scheduled;0
12;16.335199;48.2471619;11570;30.34;3;Scheduled;0
13;16.5234499;48.214644;12256;28.32;3;Scheduled;0
14;16.3286983;48.1385561;8788;26.44;3;Scheduled;0
15;16.3381316;48.2085805;1300;26.79;2;Scheduled;0
16;16.3530939;48.2519371;14261;24.6;3;Scheduled;0
17;16.3508677;48.1346426;15853;28.68;3;Scheduled;0
18;16.3835525;48.207399;8521;33.66;3;Scheduled;0
19;16.3776526;48.1981238;1798;22.14;3;Scheduled;0
20;16.3199041;48.1543411;12104;26.23;3;Scheduled;0
21;16.3377833;48.1520489;13902;23.16;3;Scheduled;0
22;16.3506555;48.1976346;9940;26.43;2;Scheduled;0
23;16.5363225;48.2586376;8228;21.99;3;Scheduled;0
24;16.37654;48.2872829;1128;26.9;3;Scheduled;0
25;16.4875304;48.2236388;8920;34.14;3;Scheduled;0
26;16.3166329;48.1657007;877;31.43;2;Scheduled;0
27;16.4095373;48.1592177;8676;33.99;3;Scheduled;0
28;16.3427475;48.230516;7844;27.06;3;Scheduled;0
29;16.4206226;48.3022376;5921;29.05;3;Scheduled;0
30;16.2735734;48.1662936;15209;27.27;3;Scheduled;0
31;16.4126956;48.280174;6525;21.63;3;Scheduled;0
32;16.4591062;48.2435793;15960;23.72;1;Scheduled;0
33;16.2946815;48.2348184;12203;27.48;3;Scheduled;0
34;16.4439597;48.2150632;5070;25.59;3;Scheduled;0
35;16.2897255;48.150328;11040;34.02;3;Scheduled;0
36;16.3101655;48.2147816;2899;27.86;2;Scheduled;0
37;16.5234826;48.2060545;7074;24.76;3;Scheduled;0
38;16.2212772;48.2072427;14661;24.17;3;Scheduled;0
39;16.3364307;48.1773084;10569;31.81;2;Scheduled;0
40;16.3691095;48.1759223;4649;30.54;3;Scheduled;0
41;16.2751889;48.154487;9637;22.48;3;Scheduled;0
42;16.4812858;48.2172117;2158;20.97;3;Scheduled;0
43;16.3738399;48.1846421;3475;31.32;3;Scheduled;0
44;16.3669;48.2001445;1947;29.31;3;Scheduled;0
45;16.3269092;48.2165143;2579;22.54;2;Scheduled;0
46;16.2447059;48.217838;1529;20.93;3;Scheduled;0
47;16.3256252;48.1909101;14891;21.64;2;Scheduled;0
48;16.3593165;48.2172429;15224;25.73;3;Scheduled;0
49;16.5207971;48.2110129;12630;22.54;3;Scheduled;0
50;16.434294;48.2529402;14917;24.48;1;Scheduled;0
51;16.4193419;48.2832468;7288;22.88;3;Scheduled;0
52;16.3174607;48.1511095;12327;23.86;3;Scheduled;0
53;16.3682224;48.1769999;4632;22.72;3;Scheduled;0
54;16.4149837;48.2754045;6518;27.16;3;Scheduled;0
55;16.4359625;48.2368372;4343;31.56;1;Scheduled;0
56;16.3206302;48.1519418;1221;20.42;3;Scheduled;0
57;16.3209243;48.2234063;10617;27.91;3;Scheduled;0
58;16.3966872;48.2659843;10278;33.2;3;Scheduled;0
59;16.3034894;48.2390221;10674;25.6;3;Scheduled;0
60;16.3062124;48.2088618;2857;20.72;2;Scheduled;0
61;16.4373175;48.2435097;13701;22.08;1;Scheduled;0
62;16.3426501;48.2348287;5399;24.82;3;Scheduled;0
63;16.2855972;48.147083;9887;22.32;3;Scheduled;0
64;16.2690787;48.1997187;525;21.98;3;Scheduled;0
65;16.3152862;48.1646899;14977;23.32;3;Scheduled;0
66;16.3152477;48.1948903;1068;23.4;2;Scheduled;0
67;16.3227057;48.156252;5521;21.97;3;Scheduled;0
68;16.534699;48.2305269;8213;34.72;3;Scheduled;0
69;16.3287174;48.2432007;5837;24.91;3;Scheduled;0
70;16.41988;48.1954464;5861;27.6;3;Scheduled;0
71;16.3147768;48.1715806;6336;30.22;2;Scheduled;0
72;16.4720958;48.2265454;5490;21.49;3;Scheduled;0
73;16.3565084;48.2351902;14834;21.78;3;Scheduled;0
74;16.4167678;48.3038786;9319;20.76;3;Scheduled;0
75;16.4585463;48.2586887;7493;33.94;1;Scheduled;0
76;16.5198436;48.2325;9174;30.11;3;Scheduled;0
77;16.350123;48.1983097;1790;21.42;2;Scheduled;0
78;16.4561656;48.1871987;13803;27.39;3;Scheduled;0
79;16.2832676;48.2395255;12101;26.92;3;Scheduled;0
80;16.4652358;48.2331652;13927;25.63;1;Scheduled;0
81;16.4684237;48.1985772;9830;34.87;3;Scheduled;0
82;16.3514702;48.2539013;4938;22.65;3;Scheduled;0
83;16.2709404;48.1975954;464;32.2;3;Scheduled;0
84;16.3912993;48.2500406;13283;21.03;3;Scheduled;0
85;16.4535526;48.2461413;13836;26.01;1;Scheduled;0
86;16.4641178;48.2379939;7975;22.12;1;Scheduled;0
87;16.3949418;48.2623156;9391;22.9;3;Scheduled;0
88;16.3244713;48.2270122;15704;32.62;3;Scheduled;0
89;16.3858866;48.2005757;3862;30.8;3;Scheduled;0
90;16.4123143;48.2925954;9325;24.01;3;Scheduled;0
91;16.393342;48.18754;8275;27.43;3;Scheduled;0
92;16.3431831;48.202793;1894;21.25;2;Scheduled;0
93;16.2689296;48.1775422;3100;25.31;3;Scheduled;0
94;16.4054225;48.1851253;13452;34.54;3;Scheduled;0
95;16.2914548;48.1708638;10491;29.37;3;Scheduled;0
96;16.3777411;48.1702982;3989;29.97;3;Scheduled;0
97;16.3492288;48.1411262;6876;24.69;3;Scheduled;0
98;16.2810963;48.1322141;10139;26.09;3;Scheduled;0
99;16.2905983;48.145825;6763;34.94;3;Scheduled;0
100;16.4216525;48.2112841;1327;32.83;3;Scheduled;0
101;16.3651292;48.2657934;15904;34.3;3;Scheduled;0
102;16.2873518;48.1564117;8748;32.18;3;Scheduled;0
103;16.4597271;48.2406945;13972;31.73;1;Scheduled;0
104;16.3754366;48.1989438;8478;24.02;3;Scheduled;0
105;16.3407996;48.1579909;14949;31.43;3;Scheduled;0
106;16.3674552;48.1665688;11408;34.79;3;Scheduled;0
107;16.386613;48.268031;6472;24.4;3;Scheduled;0
108;16.3564798;48.2146859;14822;25.99;3;Scheduled;0
109;16.3181024;48.1990771;15190;32.18;2;Scheduled;0
110;16.3857925;48.1529235;6994;21.16;3;Scheduled;0
111;16.3706492;48.1654667;11893;25.46;3;Scheduled;0
112;16.3127551;48.1425523;9713;26.64;3;Scheduled;0
113;16.2987761;48.1487073;857;22.35;3;Scheduled;0
114;16.4947783;48.2172714;14127;28.73;3;Scheduled;0
115;16.2941538;48.1476415;6762;34.55;3;Scheduled;0
116;16.2961231;48.2528365;12148;34.84;3;OnDemand;54.03
117;16.3242931;48.1378557;14997;22.65;3;OnDemand;69.82
118;16.2595471;48.2177913;1520;28.13;3;OnDemand;72.44
119;16.3389968;48.1897937;13281;25.76;2;OnDemand;82.05
120;16.3331449;48.1880469;14515;30.14;2;OnDemand;93.61
121;16.464288;48.2307661;5479;24.04;1;OnDemand;102.86
122;16.268014;48.1896684;820;27.04;3;OnDemand;115.76
123;16.254687;48.2025138;968;22.58;3;OnDemand;130.44
124;16.4245105;48.1798488;15134;25.54;3;OnDemand;145.87
125;16.3278643;48.1953998;2727;30.88;2;OnDemand;152.65
126;16.3786248;48.2427523;15608;27.29;3;OnDemand;161.13
127;16.3305312;48.1706302;10078;20.96;2;OnDemand;163.82
128;16.2884193;48.185737;3039;31.77;2;OnDemand;170.46
129;16.424265;48.2270001;6160;26.27;1;OnDemand;176.44
130;16.3528274;48.1932319;3929;34.72;2;OnDemand;190.9
131;16.4900879;48.2462161;11377;24.24;3;OnDemand;211.53
132;16.4208607;48.2566754;13606;32.72;1;OnDemand;216.91
133;16.4250494;48.2356073;15619;21.23;1;OnDemand;232.09
134;16.4603543;48.2231718;13262;33.3;3;OnDemand;236
135;16.34785;48.206648;1481;27.08;2;OnDemand;243.87
136;16.4420406;48.2501168;4333;21.64;1;OnDemand;259.81
137;16.4461893;48.2420508;7123;25;1;OnDemand;268.73
138;16.4458822;48.2436596;12520;32.56;1;OnDemand;269.92
139;16.4475056;48.2363373;4352;24.15;1;OnDemand;279.95
140;16.3253168;48.2153059;10337;28.81;2;OnDemand;284.25
141;16.4170546;48.2614485;14065;32.55;1;OnDemand;287.03
142;16.467823;48.2121981;2236;21.07;3;OnDemand;289.27
143;16.4887155;48.2087125;6100;30.54;3;OnDemand;290.83
144;16.303968;48.2144948;11338;30.48;2;OnDemand;327.4
145;16.3359352;48.1957753;1923;26.96;2;OnDemand;360.61
