id;longitude;latitude;request_node;service_time_min;cluster;type;arrival_time
1;16.4371334;48.1793636;15824;0;3;Depot;0
2;16.3083212;48.2233666;8003;22.08;3;Scheduled;0
3;16.369448;48.2235657;4774;24.82;3;Scheduled;0
4;16.29052;48.2125488;10368;22.32;2;Scheduled;0
5;16.3195395;48.1560293;13217;21.98;3;Scheduled;0
6;16.2771417;48.1542445;9724;23.32;3;Scheduled;0
7;16.3898564;48.1432395;12758;23.4;3;Scheduled;0
8;16.2731241;48.1879173;10538;21.97;3;Scheduled;0
9;16.4047518;48.1846417;8461;34.72;3;Scheduled;0
10;16.3974802;48.138088;4049;24.91;3;Scheduled;0
11;16.3778727;48.213534;13498;27.6;3;Scheduled;0
12;16.335199;48.2471619;11570;30.22;3;Scheduled;0
13;16.5234499;48.214644;12256;21.49;3;Scheduled;0
14;16.3286983;48.1385561;8788;21.78;3;Scheduled;0
15;16.3381316;48.2085805;1300;20.76;2;Scheduled;0
16;16.3530939;48.2519371;14261;33.94;3;Scheduled;0
17;16.3508677;48.1346426;15853;30.11;3;Scheduled;0
18;16.3835525;48.207399;8521;21.42;3;Scheduled;0
19;16.3776526;48.1981238;1798;27.39;3;Scheduled;0
20;16.3199041;48.1543411;12104;26.92;3;Scheduled;0
21;16.3377833;48.1520489;13902;25.63;3;Scheduled;0
22;16.3506555;48.1976346;9940;34.87;2;Scheduled;0
23;16.5363225;48.2586376;8228;22.65;3;Scheduled;0
24;16.37654;48.2872829;1128;32.2;3;Scheduled;0
25;16.4875304;48.2236388;8920;21.03;3;Scheduled;0
26;16.3166329;48.1657007;877;26.01;2;Scheduled;0
27;16.4095373;48.1592177;8676;22.12;3;Scheduled;0
28;16.4326067;48.2554153;12272;22.9;1;OnDemand;5.11
29;16.2579415;48.1396246;16046;32.62;3;OnDemand;14.93
30;16.4286407;48.2403168;11947;30.8;1;OnDemand;15.56
31;16.4368328;48.2616086;5636;24.01;1;OnDemand;25.17
32;16.2605627;48.1819263;3591;27.43;3;OnDemand;29.67
33;16.3769939;48.2188792;4181;21.25;3;OnDemand;29.8
34;16.4646639;48.1753389;9789;25.31;3;OnDemand;33.02
35;16.3048165;48.2123773;1134;34.54;2;OnDemand;33.61
36;16.3102797;48.2137126;2882;29.37;2;OnDemand;39.67
37;16.5251115;48.205988;14109;29.97;3;OnDemand;41.61
38;16.4658372;48.1599644;7693;24.69;3;OnDemand;47.49
39;16.3316716;48.1964612;2729;26.09;2;OnDemand;47.98
40;16.4367914;48.2592096;4469;34.94;1;OnDemand;50.25
41;16.4280082;48.2197548;12311;32.83;3;OnDemand;61.41
42;16.3624303;48.2273383;3205;34.3;3;OnDemand;79.48
43;16.4731842;48.2268718;12967;32.18;3;OnDemand;81.68
44;16.4322219;48.2361393;12952;31.73;1;OnDemand;88.62
45;16.3364077;48.2005571;2860;24.02;2;OnDemand;90.15
46;16.2989533;48.189136;2794;31.43;2;OnDemand;101.82
47;16.4479661;48.2646427;13251;34.79;1;OnDemand;105.21
48;16.316536;48.2251788;5964;24.4;3;OnDemand;110.4
49;16.5201302;48.2049651;9178;25.99;3;OnDemand;112.16
50;16.4512762;48.244705;7464;32.18;1;OnDemand;113.5
51;16.3334845;48.1929135;14767;21.16;2;OnDemand;134.38
52;16.427724;48.2398183;11946;25.46;1;OnDemand;137.53
53;16.3315881;48.1931779;1914;26.64;2;OnDemand;144.56
54;16.3130869;48.2026022;1177;22.35;2;OnDemand;150.27
55;16.4673137;48.2473104;13111;28.73;1;OnDemand;151.33
56;16.4087417;48.2547957;13622;34.55;1;OnDemand;155.33
57;16.3389968;48.1897937;13281;34.84;2;OnDemand;160.11
58;16.3331449;48.1880469;14515;22.65;2;OnDemand;165.86
59;16.464288;48.2307661;5479;28.13;1;OnDemand;170.46
60;16.268014;48.1896684;820;25.76;3;OnDemand;176.87
61;16.254687;48.2025138;968;30.14;3;OnDemand;184.17
62;16.4245105;48.1798488;15134;24.04;3;OnDemand;191.84
63;16.3278643;48.1953998;2727;27.04;2;OnDemand;195.21
64;16.3786248;48.2427523;15608;22.58;3;OnDemand;199.43
65;16.3305312;48.1706302;10078;25.54;2;OnDemand;200.76
66;16.2884193;48.185737;3039;30.88;2;OnDemand;204.07
67;16.424265;48.2270001;6160;27.29;1;OnDemand;207.04
68;16.3528274;48.1932319;3929;20.96;2;OnDemand;214.23
69;16.4900879;48.2462161;11377;31.77;3;OnDemand;224.49
70;16.4208607;48.2566754;13606;26.27;1;OnDemand;227.16
71;16.4250494;48.2356073;15619;34.72;1;OnDemand;234.71
72;16.4603543;48.2231718;13262;24.24;3;OnDemand;236.66
73;16.34785;48.206648;1481;32.72;2;OnDemand;240.57
74;16.4420406;48.2501168;4333;21.23;1;OnDemand;248.49
75;16.4461893;48.2420508;7123;33.3;1;OnDemand;252.93
76;16.4458822;48.2436596;12520;27.08;1;OnDemand;253.52
77;16.4475056;48.2363373;4352;21.64;1;OnDemand;258.51
78;16.3253168;48.2153059;10337;25;2;OnDemand;260.65
79;16.4170546;48.2614485;14065;32.56;1;OnDemand;262.03
80;16.467823;48.2121981;2236;24.15;3;OnDemand;263.14
81;16.4887155;48.2087125;6100;28.81;3;OnDemand;263.91
82;16.303968;48.2144948;11338;32.55;2;OnDemand;282.1
83;16.3359352;48.1957753;1923;21.07;2;OnDemand;298.61
84;16.4604817;48.2391951;13174;30.54;1;OnDemand;315.78
85;16.4357254;48.2023407;1665;30.48;3;OnDemand;316.79
86;16.3367061;48.1978377;1288;26.96;2;OnDemand;331.18
87;16.2705191;48.1907875;819;26.55;3;OnDemand;331.45
88;16.3043281;48.2256297;9231;28.43;3;OnDemand;333.83
89;16.301527;48.1991888;971;33.93;2;OnDemand;336.6
90;16.4449244;48.2366935;4348;23.46;1;OnDemand;341.12
91;16.4039257;48.2578391;5622;23.33;3;OnDemand;345.94
92;16.4424599;48.2464314;14122;26.3;1;OnDemand;348.94
93;16.3124397;48.1938094;1087;25;2;OnDemand;352.38
94;16.4375309;48.2396916;10285;32.97;1;OnDemand;367.47
95;16.3453469;48.2449562;9203;22.66;3;OnDemand;371.18
96;16.3234702;48.1758059;5327;27.4;2;OnDemand;373.31
97;16.3539469;48.1857077;15409;26.45;2;OnDemand;380.09
98;16.3103698;48.193413;255;28.46;2;OnDemand;387.94
99;16.3875851;48.2782485;14656;29.84;3;OnDemand;388.29
100;16.2806609;48.1874209;831;23.48;2;OnDemand;390.99
101;16.2918772;48.1718606;3181;23.61;2;OnDemand;391.15
