id;longitude;latitude;request_node;service_time_min;cluster;type;arrival_time
1;16.4371334;48.1793636;15824;0;3;Depot;0
2;16.4603543;48.2231718;13262;27.92;3;Scheduled;0
3;16.3713021;48.1708098;4805;23.25;3;Scheduled;0
4;16.27845;48.1732016;11013;30.21;3;Scheduled;0
5;16.3816115;48.2446664;12703;31.19;3;Scheduled;0
6;16.3174785;48.2229172;12679;26.96;3;Scheduled;0
7;16.399751;48.1887861;8464;22.06;3;Scheduled;0
8;16.4699881;48.2277848;5468;32.22;3;Scheduled;0
9;16.3892948;48.2023366;14288;32.48;3;Scheduled;0
10;16.3635971;48.225016;3275;25.31;3;Scheduled;0
11;16.4609164;48.1454566;3452;34.68;3;Scheduled;0
12;16.4355239;48.2507014;15656;34.82;1;Scheduled;0
13;16.3825067;48.2113874;689;29.52;3;Scheduled;0
14;16.3213189;48.2325712;11850;34.13;3;Scheduled;0
15;16.2823714;48.1679681;10176;20.21;3;Scheduled;0
16;16.2808093;48.1361538;6786;20.38;3;Scheduled;0
17;16.3615689;48.2442322;14837;27.29;3;Scheduled;0
18;16.4516507;48.247888;14799;24.02;1;Scheduled;0
19;16.4062248;48.2222459;12767;31.46;3;Scheduled;0
20;16.4452072;48.2810792;4913;27.32;3;Scheduled;0
21;16.4323417;48.2521239;10610;31.2;1;Scheduled;0
22;16.2912805;48.1655895;9014;20.64;3;Scheduled;0
23;16.391396;48.2096893;5694;26.61;3;Scheduled;0
24;16.2373279;48.205976;9863;22.19;3;Scheduled;0
25;16.414477;48.1637283;6374;26.63;3;Scheduled;0
26;16.4586627;48.2360925;15648;24.26;1;Scheduled;0
27;16.5176851;48.2099827;9781;21.1;3;Scheduled;0
28;16.3756252;48.1503846;7016;30.28;3;Scheduled;0
29;16.4399051;48.2903644;13935;31.92;3;Scheduled;0
30;16.4074659;48.160282;8675;28.07;3;Scheduled;0
31;16.3850481;48.2571665;682;20.37;3;Scheduled;0
32;16.3121502;48.1487573;10789;24.17;3;Scheduled;0
33;16.3756113;48.203756;3944;32.61;3;Scheduled;0
34;16.3648714;48.2563801;7789;27.01;3;Scheduled;0
35;16.2966612;48.1981533;935;31.4;2;Scheduled;0
36;16.2468499;48.2185481;8335;34.97;3;Scheduled;0
37;16.3947372;48.2054112;6188;31.67;3;Scheduled;0
38;16.4539154;48.2235968;2285;33.19;3;Scheduled;0
39;16.2612091;48.1871225;10959;27.4;3;Scheduled;0
40;16.3524843;48.1980388;15776;30.63;2;OnDemand;10.76
41;16.4279021;48.2510251;6460;27.31;1;OnDemand;12.36
42;16.3457204;48.215491;5931;31.73;3;OnDemand;12.39
43;16.3088942;48.2130995;6930;33.68;2;OnDemand;18.62
44;16.4348912;48.241793;10286;24.29;1;OnDemand;22.28
45;16.333832;48.1950485;1918;29.13;2;OnDemand;24.59
46;16.2797836;48.1966875;453;28.12;2;OnDemand;25.79
47;16.3020645;48.1972657;888;34.95;2;OnDemand;27.06
48;16.4440372;48.266891;9366;29.16;1;OnDemand;28.67
49;16.4588305;48.2415518;10854;23.16;1;OnDemand;35.92
50;16.4346805;48.251588;10002;24.76;1;OnDemand;40.85
51;16.3461799;48.1662805;12725;33.59;3;OnDemand;42.63
52;16.3250882;48.2267417;15274;24.85;3;OnDemand;43
53;16.337218;48.1905816;350;28.41;2;OnDemand;43.83
54;16.3610144;48.1817587;7385;30.38;3;OnDemand;45.1
55;16.4290835;48.171751;12873;28.4;3;OnDemand;47.35
56;16.2823471;48.1939739;489;25.14;2;OnDemand;47.44
57;16.4535021;48.2346587;10228;23.52;1;OnDemand;53.95
58;16.4381664;48.2504517;13870;26.44;1;OnDemand;65.34
59;16.3764857;48.1705421;3988;31.05;3;OnDemand;66.39
60;16.4745636;48.2436784;9735;25.62;1;OnDemand;67.42
61;16.4527206;48.2282808;2122;27.33;1;OnDemand;68.77
62;16.4469858;48.2400708;15010;32.01;1;OnDemand;78.17
63;16.3440176;48.1792131;7870;30.25;2;OnDemand;79.58
64;16.3610301;48.1922062;3758;30.29;3;OnDemand;85.94
65;16.3121637;48.1682383;5597;21.42;2;OnDemand;86.67
66;16.3375176;48.1856216;749;25.71;2;OnDemand;88
67;16.4578426;48.1702672;14521;26.1;3;OnDemand;89.39
68;16.401333;48.2434969;4378;25.82;3;OnDemand;90.14
69;16.3718308;48.2544306;13321;28.88;3;OnDemand;92.01
70;16.434959;48.2561143;4467;32.55;1;OnDemand;99.19
71;16.3208627;48.1954179;2759;27.81;2;OnDemand;100.47
72;16.441812;48.2336312;7390;26.48;1;OnDemand;100.65
73;16.4477631;48.2504956;13128;33.27;1;OnDemand;104.57
74;16.3254141;48.1718379;15577;33.66;2;OnDemand;104.63
75;16.3476586;48.1385191;9034;20.8;3;OnDemand;105.73
76;16.4216268;48.2361111;11935;26.91;1;OnDemand;111.63
77;16.3438498;48.2579613;12046;30.76;3;OnDemand;115.56
78;16.287865;48.1465059;6764;25.61;3;OnDemand;127.02
79;16.448016;48.2702852;4433;20.45;1;OnDemand;127.32
80;16.3429443;48.1937032;11985;20.42;2;OnDemand;141.08
81;16.2871931;48.2003222;427;30.48;2;OnDemand;141.92
82;16.327987;48.1783253;5320;23.88;2;OnDemand;142.44
83;16.4399921;48.2428929;7778;33.36;1;OnDemand;155.78
84;16.4253372;48.3029548;6574;21.21;3;OnDemand;156.74
85;16.2937615;48.2068609;995;34.33;2;OnDemand;157.76
86;16.4289227;48.2450053;12504;34.6;1;OnDemand;161.91
87;16.4097725;48.2497372;11352;22.1;1;OnDemand;163.59
88;16.3060105;48.1937824;9416;30.17;2;OnDemand;173.84
89;16.4136411;48.1817892;15659;31.87;3;OnDemand;181.02
90;16.4044412;48.2509023;7246;30.52;1;OnDemand;185.69
91;16.4670489;48.2343276;15707;24.08;1;OnDemand;187.23
92;16.4611463;48.2627332;7494;27.28;1;OnDemand;190.15
93;16.3341518;48.181162;10656;33.16;2;OnDemand;192.55
94;16.4478595;48.2714431;5649;20.05;1;OnDemand;204.24
95;16.4530994;48.2455471;13835;34.37;1;OnDemand;204.84
96;16.342644;48.2461465;7554;27.22;3;OnDemand;205.92
97;16.3432283;48.1990003;2059;34.4;2;OnDemand;206.08
98;16.3106353;48.1947681;1061;27.53;2;OnDemand;211.33
99;16.3548588;48.1906037;762;20.34;2;OnDemand;212.98
100;16.458554;48.2548531;13038;21.65;1;OnDemand;213.06
101;16.4262096;48.2731675;10705;31.21;1;OnDemand;215.93
102;16.4623393;48.2355369;7400;28.99;1;OnDemand;222.99
103;16.301868;48.192121;13748;31.71;2;OnDemand;225.53
104;16.4134992;48.2525262;9597;34.19;1;OnDemand;226.51
105;16.3334808;48.192767;13534;25.37;2;OnDemand;230.52
106;16.4208524;48.2584249;4462;27.29;1;OnDemand;233.71
107;16.4331828;48.2543401;12273;27.9;1;OnDemand;234.82
108;16.3339883;48.1932434;3622;32.73;2;OnDemand;236.82
109;16.3350137;48.1987593;2864;27.52;2;OnDemand;237.47
110;16.3918188;48.2597522;7958;25.17;3;OnDemand;239.96
111;16.3875881;48.2164612;11398;28.74;3;OnDemand;245.36
112;16.3317489;48.2105673;1511;27.9;2;OnDemand;249.69
113;16.4738022;48.2479753;12617;33.6;1;OnDemand;250.04
114;16.3566315;48.2351129;3247;34.69;3;OnDemand;250.61
115;16.4386927;48.2576225;13503;20.22;1;OnDemand;254.08
116;16.3765613;48.1738834;15287;31.13;3;OnDemand;258.05
117;16.3317489;48.2105673;1511;27.16;2;OnDemand;258.42
118;16.3441242;48.2870151;12178;33.49;3;OnDemand;259.53
119;16.3079974;48.1983992;1105;24.68;2;OnDemand;260.31
120;16.4262096;48.2731675;10705;23.97;1;OnDemand;262.16
121;16.3151683;48.1979575;1095;28.28;2;OnDemand;268.98
122;16.4591715;48.2584812;14601;33.67;1;OnDemand;276.14
123;16.4524271;48.2458996;15835;21.61;1;OnDemand;278.9
124;16.2682918;48.1643207;11140;34.29;3;OnDemand;288.13
125;16.3432101;48.2018241;1446;28.71;2;OnDemand;289.24
126;16.3174785;48.2229172;12679;33.19;3;OnDemand;296.96
127;16.3363267;48.1903345;575;32.1;2;OnDemand;297.57
128;16.3300176;48.2098706;1653;27.54;2;OnDemand;301.52
129;16.3343179;48.1863033;582;32.54;2;OnDemand;301.74
130;16.4777985;48.2396486;5656;33.56;1;OnDemand;301.8
131;16.3855982;48.2652837;12460;20.04;3;OnDemand;306.26
132;16.3631112;48.2151288;720;26.94;3;OnDemand;329.04
133;16.4404096;48.2501585;15655;22.91;1;OnDemand;329.44
134;16.3710778;48.1853929;1963;21.94;3;OnDemand;329.79
135;16.4363863;48.2199667;12535;21.99;3;OnDemand;332.69
136;16.4087624;48.2448114;4387;30.82;1;OnDemand;337.98
137;16.4590517;48.2416098;13658;28.83;1;OnDemand;338.62
138;16.3072691;48.2080576;1140;28.03;2;OnDemand;345.89
139;16.3286122;48.1928772;2776;31.36;2;OnDemand;349.47
140;16.3183547;48.1340032;13334;26.12;3;OnDemand;349.61
141;16.4447628;48.2668748;9688;21.31;1;OnDemand;355.75
142;16.2756306;48.1670649;6795;33.97;3;OnDemand;357.44
143;16.4087562;48.211515;14910;30.85;3;OnDemand;360.78
144;16.437511;48.2361978;5150;25.42;1;OnDemand;360.78
145;16.3021106;48.19809;966;26.58;2;OnDemand;373.16
146;16.3132143;48.1990321;1925;29.93;2;OnDemand;376.29
147;16.3351198;48.2511595;6012;20.48;3;OnDemand;380.47
148;16.4377885;48.2395439;11637;20.27;1;OnDemand;381.94
149;16.3079452;48.2164313;2880;31.09;2;OnDemand;382.44
150;16.4673137;48.2473104;13111;21.28;1;OnDemand;385.02
151;16.4164925;48.2043954;1690;23.45;3;OnDemand;387.98
