id;longitude;latitude;request_node;service_time_min;cluster;type;arrival_time
1;16.4371334;48.1793636;15824;0;3;Depot;0
2;16.3083212;48.2233666;8003;32.2;3;Scheduled;0
3;16.369448;48.2235657;4774;21.03;3;Scheduled;0
4;16.29052;48.2125488;10368;26.01;2;Scheduled;0
5;16.3195395;48.1560293;13217;22.12;3;Scheduled;0
6;16.2771417;48.1542445;9724;22.9;3;Scheduled;0
7;16.3898564;48.1432395;12758;32.62;3;Scheduled;0
8;16.2731241;48.1879173;10538;30.8;3;Scheduled;0
9;16.4047518;48.1846417;8461;24.01;3;Scheduled;0
10;16.3974802;48.138088;4049;27.43;3;Scheduled;0
11;16.3778727;48.213534;13498;21.25;3;Scheduled;0
12;16.3169311;48.1990712;1198;25.31;2;OnDemand;6.86
13;16.2991636;48.1806061;11111;34.54;2;OnDemand;29.37
14;16.299944;48.1737603;9881;29.37;2;OnDemand;42.12
15;16.3367938;48.1959807;8265;29.97;2;OnDemand;42.75
16;16.347039;48.2003542;1448;24.69;2;OnDemand;42.81
17;16.3209273;48.1819349;10125;26.09;2;OnDemand;45.89
18;16.4582273;48.2638569;12800;34.94;1;OnDemand;51.05
19;16.4314778;48.247602;12555;32.83;1;OnDemand;57.06
20;16.3082959;48.2005611;1151;34.3;2;OnDemand;61.92
21;16.4612148;48.2377907;7412;32.18;1;OnDemand;62.03
22;16.3296858;48.1959362;870;31.73;2;OnDemand;65.07
23;16.4559659;48.2258868;2283;24.02;1;OnDemand;66.38
24;16.2955212;48.1816033;15051;31.43;2;OnDemand;68.16
25;16.4148677;48.232392;6324;34.79;1;OnDemand;70.6
26;16.4262096;48.2731675;10705;24.4;1;OnDemand;73.47
27;16.2974341;48.170406;7142;25.99;2;OnDemand;74.86
28;16.3316716;48.1964612;2729;32.18;2;OnDemand;75.28
29;16.4367914;48.2592096;4469;21.16;1;OnDemand;77.17
30;16.2994604;48.1925091;2788;25.46;2;OnDemand;86.51
31;16.3002938;48.172131;9750;26.64;2;OnDemand;101.62
32;16.3300013;48.17391;6332;22.35;2;OnDemand;104.01
33;16.2869995;48.2086948;1042;28.73;2;OnDemand;105.07
34;16.4523929;48.2487411;14797;34.55;1;OnDemand;106.35
35;16.2989533;48.189136;2794;34.84;2;OnDemand;116.11
36;16.4479661;48.2646427;13251;22.65;1;OnDemand;118.95
37;16.3434316;48.1915825;10770;28.13;2;OnDemand;120.99
38;16.3074505;48.2021313;1154;25.76;2;OnDemand;122.11
39;16.3334845;48.1929135;14767;30.14;2;OnDemand;139.57
40;16.427724;48.2398183;11946;24.04;1;OnDemand;142.21
41;16.3315881;48.1931779;1914;27.04;2;OnDemand;148.08
42;16.3130869;48.2026022;1177;22.58;2;OnDemand;152.86
43;16.4673137;48.2473104;13111;25.54;1;OnDemand;153.75
44;16.4087417;48.2547957;13622;30.88;1;OnDemand;157.09
45;16.3389968;48.1897937;13281;27.29;2;OnDemand;161.09
46;16.3331449;48.1880469;14515;20.96;2;OnDemand;165.9
47;16.464288;48.2307661;5479;31.77;1;OnDemand;169.75
48;16.4386927;48.2576225;13503;26.27;1;OnDemand;173.06
49;16.442339;48.2341939;7391;34.72;1;OnDemand;174.33
50;16.3261491;48.210463;2398;24.24;2;OnDemand;175.23
51;16.4491715;48.2556169;10003;32.72;1;OnDemand;184.57
52;16.4167244;48.2309491;13473;21.23;1;OnDemand;187.39
53;16.4377885;48.2395439;11637;33.3;1;OnDemand;188.92
54;16.3107262;48.218528;14091;27.08;2;OnDemand;199.45
55;16.2984104;48.1856456;11103;21.64;2;OnDemand;209.38
56;16.3247731;48.209328;105;25;2;OnDemand;211.29
57;16.4804722;48.246661;5666;32.56;1;OnDemand;219.87
58;16.4208607;48.2566754;13606;24.15;1;OnDemand;222.11
59;16.4250494;48.2356073;15619;28.81;1;OnDemand;228.43
60;16.4588305;48.2415518;10854;32.55;1;OnDemand;229.42
61;16.4493256;48.248632;5051;21.07;1;OnDemand;239.21
62;16.2941422;48.2078215;1129;30.54;2;OnDemand;245.24
63;16.4087417;48.2547957;13622;30.48;1;OnDemand;251.05
64;16.3372277;48.1808627;15798;26.96;2;OnDemand;263.3
65;16.3391096;48.1845828;10342;26.55;2;OnDemand;263.85
66;16.4793452;48.2505966;5670;28.43;1;OnDemand;270.98
67;16.3339518;48.1773856;11708;33.93;2;OnDemand;274.38
68;16.3359059;48.2026086;2878;23.46;2;OnDemand;278.25
69;16.292912;48.1904091;965;23.33;2;OnDemand;284.16
70;16.4166459;48.2649961;7199;26.3;1;OnDemand;290.89
71;16.4696085;48.2299283;7114;25;1;OnDemand;292.62
72;16.4604817;48.2391951;13174;32.97;1;OnDemand;306.98
73;16.3322822;48.1878866;1589;22.66;2;OnDemand;307.82
74;16.3367061;48.1978377;1288;27.4;2;OnDemand;319.86
75;16.4199547;48.2564512;7324;26.45;1;OnDemand;320.08
76;16.3384663;48.181654;13923;28.46;2;OnDemand;320.74
77;16.301527;48.1991888;971;29.84;2;OnDemand;323.05
78;16.4449244;48.2366935;4348;34.68;1;OnDemand;326.84
79;16.3153914;48.2107562;2408;23.48;2;OnDemand;328.55
80;16.4413533;48.2750995;5276;23.61;1;OnDemand;329.26
81;16.3448013;48.1825993;5291;31.95;2;OnDemand;331.88
82;16.3488289;48.1926168;3706;32.48;2;OnDemand;345.26
83;16.4445936;48.2351459;4349;21.7;1;OnDemand;349.59
84;16.3234702;48.1758059;5327;34.45;2;OnDemand;351.37
85;16.3539469;48.1857077;15409;22.21;2;OnDemand;357.03
86;16.3103698;48.193413;255;22.15;2;OnDemand;363.6
87;16.4326067;48.2554153;12272;33.88;1;OnDemand;363.9
88;16.3026026;48.2055507;991;27.61;2;OnDemand;364.77
89;16.2806609;48.1874209;831;22.32;2;OnDemand;366.16
90;16.2918772;48.1718606;3181;25.22;2;OnDemand;366.29
91;16.4777985;48.2396486;5656;29.9;1;OnDemand;368.47
92;16.3532547;48.1830294;2045;24.68;2;OnDemand;370.28
93;16.2859046;48.2070188;1051;25.27;2;OnDemand;371.45
94;16.301527;48.1991888;971;22.22;2;OnDemand;390.11
