id;longitude;latitude;request_node;service_time_min;cluster;type;arrival_time
1;16.4371334;48.1793636;15824;0;3;Depot;0
2;16.3389235;48.2536023;12138;27.62;3;Scheduled;0
3;16.3760482;48.1839801;10936;22.14;3;Scheduled;0
4;16.4472271;48.206604;2254;26.71;3;Scheduled;0
5;16.2970579;48.1437345;6858;32.3;3;Scheduled;0
6;16.4625429;48.2433252;13176;21.13;1;Scheduled;0
7;16.354337;48.2305485;1832;24.14;3;Scheduled;0
8;16.3872213;48.1930981;3796;21.59;3;Scheduled;0
9;16.3311692;48.1915548;13533;34.78;2;Scheduled;0
10;16.4243684;48.2459086;7238;30.33;1;Scheduled;0
11;16.2495471;48.2144965;1526;23.71;3;Scheduled;0
12;16.3865328;48.194975;15762;24.89;3;Scheduled;0
13;16.3915419;48.2113848;4482;31.6;3;Scheduled;0
14;16.3752207;48.2003333;3877;33.66;3;Scheduled;0
15;16.2675426;48.1879346;825;32.53;3;Scheduled;0
16;16.3655755;48.2467432;13230;34.26;3;Scheduled;0
17;16.291986;48.1658331;9012;21.55;3;Scheduled;0
18;16.3486708;48.138177;9035;28.76;3;Scheduled;0
19;16.2773099;48.2010451;3599;25.86;3;Scheduled;0
20;16.3368428;48.1942093;6041;23.24;2;Scheduled;0
21;16.5224519;48.212204;9188;26.37;3;Scheduled;0
22;16.4332118;48.2514805;14463;31.44;1;Scheduled;0
23;16.4432392;48.2340148;13850;25.26;1;Scheduled;0
24;16.4278829;48.250683;14792;27.57;1;Scheduled;0
25;16.522462;48.2338943;9173;31.56;3;Scheduled;0
26;16.2874785;48.168866;15067;25.53;3;Scheduled;0
27;16.4304257;48.3022452;12282;21.82;3;Scheduled;0
28;16.3592903;48.2184532;14153;32.72;3;Scheduled;0
29;16.4160637;48.2999435;9300;31.22;3;Scheduled;0
30;16.3573443;48.2074172;13433;23.94;3;Scheduled;0
31;16.3752976;48.2494937;12761;29.64;3;Scheduled;0
32;16.3752338;48.1975643;3890;24.97;3;Scheduled;0
33;16.3309683;48.2233015;1648;24.55;3;Scheduled;0
34;16.3552954;48.1844088;2041;27.08;3;Scheduled;0
35;16.3001086;48.1970493;949;30.11;2;Scheduled;0
36;16.3627463;48.2194294;15543;33.8;3;Scheduled;0
37;16.412053;48.173702;6235;26.38;3;Scheduled;0
38;16.4525617;48.2055107;6412;33.27;3;Scheduled;0
39;16.4102084;48.1700944;9678;33.65;3;Scheduled;0
40;16.3972388;48.1536281;9622;32.49;3;Scheduled;0
41;16.4494396;48.2598309;4330;31.89;1;Scheduled;0
42;16.3559719;48.1801633;15413;32.18;3;Scheduled;0
43;16.3341981;48.2307016;5037;27.99;3;Scheduled;0
44;16.4776923;48.2090324;2193;34.34;3;Scheduled;0
45;16.3046316;48.2325686;11727;23.86;3;Scheduled;0
46;16.3493151;48.2299392;3263;33.11;3;Scheduled;0
47;16.4207177;48.2343625;664;31.49;1;Scheduled;0
48;16.3880249;48.2082087;4489;22.39;3;Scheduled;0
49;16.3062124;48.2088618;2857;26.82;2;Scheduled;0
50;16.4076235;48.1407662;8703;22.5;3;Scheduled;0
51;16.5440044;48.2122971;8819;25.76;3;Scheduled;0
52;16.4359625;48.2368372;4343;20.14;1;Scheduled;0
53;16.3769443;48.2100813;11271;32.58;3;Scheduled;0
54;16.3437709;48.2160559;14803;22.42;3;Scheduled;0
55;16.4133214;48.2325676;11995;23.29;1;Scheduled;0
56;16.4278807;48.2472767;8595;21.95;1;Scheduled;0
57;16.3654881;48.2171758;364;29.13;3;Scheduled;0
58;16.2827508;48.195297;490;26.38;2;Scheduled;0
59;16.3682287;48.2442366;12903;29.89;3;Scheduled;0
60;16.5350384;48.259622;8939;29.79;3;Scheduled;0
61;16.3419359;48.2526573;8124;30.94;3;Scheduled;0
62;16.4097376;48.2525574;11386;21.07;1;Scheduled;0
63;16.4322658;48.1701029;7630;32.38;3;Scheduled;0
64;16.526985;48.2307917;15685;29.26;3;Scheduled;0
65;16.3751151;48.2309853;15508;25.35;3;Scheduled;0
66;16.403024;48.3035742;9306;31.86;3;Scheduled;0
67;16.3839743;48.162368;9058;31.56;3;Scheduled;0
68;16.479058;48.234772;10311;30.49;3;Scheduled;0
69;16.2967007;48.2382103;11826;33.33;3;Scheduled;0
70;16.449788;48.2313161;5041;26.14;1;Scheduled;0
71;16.3793199;48.1696384;5199;31.03;3;Scheduled;0
72;16.2185703;48.1239581;14243;23.76;3;Scheduled;0
73;16.4925838;48.2613827;10247;30.52;3;Scheduled;0
74;16.3176933;48.1615322;5600;23.69;3;Scheduled;0
75;16.3668157;48.2159336;1489;24.78;3;Scheduled;0
76;16.2940389;48.2349245;11083;30.07;3;Scheduled;0
77;16.3408749;48.2158223;2557;31.92;3;Scheduled;0
78;16.4200945;48.2350945;6330;23.03;1;OnDemand;2.1
79;16.3087634;48.2163099;1467;25.02;2;OnDemand;3.43
80;16.4455391;48.256078;4322;29.45;1;OnDemand;3.72
81;16.3384701;48.1887244;13227;26.65;2;OnDemand;5.9
82;16.4208693;48.234233;663;30.84;1;OnDemand;8.73
83;16.468807;48.2516042;5059;33.83;1;OnDemand;10.22
84;16.4265004;48.2417794;5077;32.4;1;OnDemand;13.62
85;16.326467;48.170278;13300;30.3;2;OnDemand;18.39
86;16.349289;48.1807625;13696;29.71;2;OnDemand;21.23
87;16.4298728;48.2484487;15698;30.9;1;OnDemand;24.63
88;16.4757505;48.2591804;13072;23.39;1;OnDemand;32.94
89;16.4253546;48.2275761;14309;28.75;1;OnDemand;35.73
90;16.4277578;48.2484517;7840;30.49;1;OnDemand;40.74
91;16.435379;48.2591717;4464;27.3;1;OnDemand;63.15
92;16.2961459;48.1868581;11875;24.02;2;OnDemand;63.39
93;16.3204202;48.1863465;1834;34.68;2;OnDemand;64.81
94;16.420707;48.2282562;14443;20.92;1;OnDemand;75.19
95;16.4508725;48.2261286;5927;25.33;1;OnDemand;75.79
96;16.4582273;48.2638569;12800;20.11;1;OnDemand;80.85
97;16.4460272;48.2457462;5493;20.86;1;OnDemand;93.68
98;16.3274724;48.1912906;14776;20.65;2;OnDemand;97.7
99;16.3251628;48.2125026;14409;26.77;2;OnDemand;104.38
100;16.433378;48.2614897;14573;34.14;1;OnDemand;114.44
101;16.4746644;48.2554947;13882;20.54;1;OnDemand;121.1
102;16.2904325;48.1911373;961;26.22;2;OnDemand;122.99
103;16.2850658;48.1970559;451;24.76;2;OnDemand;125.28
104;16.4099521;48.2443102;4384;26.81;1;OnDemand;135.36
105;16.2800347;48.1899982;42;22.82;2;OnDemand;157.64
106;16.3020645;48.1972657;888;24.86;2;OnDemand;168.79
107;16.3379145;48.1782853;10568;20;2;OnDemand;170.79
108;16.3267559;48.2011662;1299;21.06;2;OnDemand;178
109;16.3338801;48.1791414;5312;25.27;2;OnDemand;178.55
110;16.4265;48.2436885;5080;20.62;1;OnDemand;188.74
111;16.3317626;48.1727021;5587;32.54;2;OnDemand;196.63
112;16.3382695;48.188848;13229;31.1;2;OnDemand;199.75
113;16.4210496;48.2531869;7323;24.33;1;OnDemand;205.92
114;16.3225585;48.2160941;730;34.72;2;OnDemand;217.4
115;16.4374041;48.2435844;2145;23.98;1;OnDemand;221.46
116;16.3522114;48.1959047;1787;28.81;2;OnDemand;230.86
117;16.4460768;48.23963;5045;24.47;1;OnDemand;234.64
118;16.3103276;48.2160777;1430;34.38;2;OnDemand;236.07
119;16.31661;48.2079641;6220;34.57;2;OnDemand;236.16
120;16.3150199;48.1711559;875;34.76;2;OnDemand;252.64
121;16.3220096;48.1833903;7151;33.78;2;OnDemand;253.59
122;16.4430093;48.2542116;12486;31.35;1;OnDemand;263.62
123;16.4739735;48.2662173;13389;23.42;1;OnDemand;272.96
124;16.4217414;48.2288641;662;30.57;1;OnDemand;277
125;16.3523357;48.188978;12177;25.7;2;OnDemand;278.07
126;16.4044412;48.2509023;7246;26.23;1;OnDemand;278.51
127;16.3334845;48.1929135;14767;33.18;2;OnDemand;281.6
128;16.3153635;48.1990601;944;31.14;2;OnDemand;282.23
129;16.3262157;48.1908184;3606;29.29;2;OnDemand;284.05
130;16.4766311;48.2446192;9732;20.05;1;OnDemand;290.35
131;16.3018119;48.2024148;979;26.8;2;OnDemand;291.2
132;16.3214143;48.1962647;2739;33.28;2;OnDemand;296.57
133;16.3461058;48.1841321;6960;27.14;2;OnDemand;298
134;16.3091806;48.2103646;98;26.97;2;OnDemand;321.6
135;16.336894;48.1992768;2861;33.94;2;OnDemand;331.32
136;16.3228118;48.1665802;6687;28.49;2;OnDemand;337.58
137;16.3230923;48.2175363;2944;21.05;2;OnDemand;340.52
138;16.3273411;48.2165075;2565;28.08;2;OnDemand;340.66
139;16.3251628;48.2125026;14409;23.71;2;OnDemand;350.49
140;16.3264654;48.1773026;5322;26.47;2;OnDemand;351.67
141;16.3299546;48.2129577;10510;30.16;2;OnDemand;353.42
142;16.3330285;48.1952806;2787;33;2;OnDemand;354.72
143;16.3193703;48.2011877;1206;26.42;2;OnDemand;358.49
144;16.336431;48.2088897;1473;26.01;2;OnDemand;358.85
145;16.3361746;48.1777869;5298;21.85;2;OnDemand;383.4
146;16.3516961;48.1987848;15218;34.38;2;OnDemand;383.66
147;16.4469208;48.2342893;7396;29.88;1;OnDemand;385.69
148;16.2974247;48.1953198;840;25.54;2;OnDemand;385.84
149;16.3154164;48.2120996;2411;25.97;2;OnDemand;386.69
150;16.2930993;48.1986077;91;22.96;2;OnDemand;389.03
151;16.3069407;48.1976735;1103;25.92;2;OnDemand;389.67
