id;longitude;latitude;request_node;service_time_min;cluster;type;arrival_time
1;16.4371334;48.1793636;15824;0;3;Depot;0
2;16.3083212;48.2233666;8003;27.67;3;Scheduled;0
3;16.369448;48.2235657;4774;23.11;3;Scheduled;0
4;16.29052;48.2125488;10368;23.43;2;Scheduled;0
5;16.3195395;48.1560293;13217;28.94;3;Scheduled;0
6;16.2771417;48.1542445;9724;28.62;3;Scheduled;0
7;16.3898564;48.1432395;12758;21.16;3;Scheduled;0
8;16.2731241;48.1879173;10538;20.53;3;Scheduled;0
9;16.4047518;48.1846417;8461;29.64;3;Scheduled;0
10;16.3974802;48.138088;4049;33.93;3;Scheduled;0
11;16.3778727;48.213534;13498;28.97;3;Scheduled;0
12;16.335199;48.2471619;11570;28.41;3;Scheduled;0
13;16.5234499;48.214644;12256;27.89;3;Scheduled;0
14;16.3286983;48.1385561;8788;34.78;3;Scheduled;0
15;16.3381316;48.2085805;1300;27.61;2;Scheduled;0
16;16.3530939;48.2519371;14261;30.24;3;Scheduled;0
17;16.3508677;48.1346426;15853;29.02;3;Scheduled;0
18;16.3835525;48.207399;8521;23.58;3;Scheduled;0
19;16.3776526;48.1981238;1798;23.87;3;Scheduled;0
20;16.3199041;48.1543411;12104;30.94;3;Scheduled;0
21;16.3377833;48.1520489;13902;26.79;3;Scheduled;0
22;16.3506555;48.1976346;9940;22.63;2;Scheduled;0
23;16.5363225;48.2586376;8228;31.2;3;Scheduled;0
24;16.37654;48.2872829;1128;21.57;3;Scheduled;0
25;16.4875304;48.2236388;8920;32.97;3;Scheduled;0
26;16.3166329;48.1657007;877;29.22;2;Scheduled;0
27;16.4095373;48.1592177;8676;28.36;3;Scheduled;0
28;16.3427475;48.230516;7844;24.93;3;Scheduled;0
29;16.4206226;48.3022376;5921;26.8;3;Scheduled;0
30;16.2735734;48.1662936;15209;27.51;3;Scheduled;0
31;16.4126956;48.280174;6525;22.71;3;Scheduled;0
32;16.4591062;48.2435793;15960;27.94;1;Scheduled;0
33;16.2946815;48.2348184;12203;21.13;3;Scheduled;0
34;16.4439597;48.2150632;5070;24.17;3;Scheduled;0
35;16.2897255;48.150328;11040;23.19;3;Scheduled;0
36;16.3101655;48.2147816;2899;24.27;2;Scheduled;0
37;16.5234826;48.2060545;7074;33.43;3;Scheduled;0
38;16.2212772;48.2072427;14661;26.69;3;Scheduled;0
39;16.3364307;48.1773084;10569;31.7;2;Scheduled;0
40;16.3691095;48.1759223;4649;33.21;3;Scheduled;0
41;16.2751889;48.154487;9637;26.2;3;Scheduled;0
42;16.4812858;48.2172117;2158;20.96;3;Scheduled;0
43;16.3738399;48.1846421;3475;25.03;3;Scheduled;0
44;16.3669;48.2001445;1947;30.86;3;Scheduled;0
45;16.3269092;48.2165143;2579;25.06;2;Scheduled;0
46;16.2447059;48.217838;1529;29.46;3;Scheduled;0
47;16.3256252;48.1909101;14891;32.61;2;Scheduled;0
48;16.3593165;48.2172429;15224;32.84;3;Scheduled;0
49;16.5207971;48.2110129;12630;25.87;3;Scheduled;0
50;16.434294;48.2529402;14917;25.71;1;Scheduled;0
51;16.4193419;48.2832468;7288;33.43;3;Scheduled;0
52;16.3174607;48.1511095;12327;29.66;3;Scheduled;0
53;16.3682224;48.1769999;4632;31.12;3;Scheduled;0
54;16.4149837;48.2754045;6518;29.08;3;Scheduled;0
55;16.4359625;48.2368372;4343;33.55;1;Scheduled;0
56;16.3206302;48.1519418;1221;24.41;3;Scheduled;0
57;16.3209243;48.2234063;10617;22.87;3;Scheduled;0
58;16.3966872;48.2659843;10278;33.3;3;Scheduled;0
59;16.3034894;48.2390221;10674;27.55;3;Scheduled;0
60;16.3062124;48.2088618;2857;33.16;2;Scheduled;0
61;16.4373175;48.2435097;13701;22.84;1;Scheduled;0
62;16.3426501;48.2348287;5399;31.37;3;Scheduled;0
63;16.2855972;48.147083;9887;30.87;3;Scheduled;0
64;16.2690787;48.1997187;525;34.16;3;Scheduled;0
65;16.3152862;48.1646899;14977;28.21;3;Scheduled;0
66;16.3152477;48.1948903;1068;30.68;2;Scheduled;0
67;16.3227057;48.156252;5521;25.83;3;Scheduled;0
68;16.534699;48.2305269;8213;21.51;3;Scheduled;0
69;16.3287174;48.2432007;5837;33.91;3;Scheduled;0
70;16.41988;48.1954464;5861;24.25;3;Scheduled;0
71;16.3147768;48.1715806;6336;28.86;2;Scheduled;0
72;16.4720958;48.2265454;5490;21.66;3;Scheduled;0
73;16.3565084;48.2351902;14834;32.61;3;Scheduled;0
74;16.4167678;48.3038786;9319;24.77;3;Scheduled;0
75;16.4585463;48.2586887;7493;31.74;1;Scheduled;0
76;16.5198436;48.2325;9174;24.01;3;Scheduled;0
77;16.350123;48.1983097;1790;23.28;2;Scheduled;0
78;16.4561656;48.1871987;13803;27.75;3;Scheduled;0
79;16.2832676;48.2395255;12101;24.03;3;Scheduled;0
80;16.4652358;48.2331652;13927;22.72;1;Scheduled;0
81;16.4684237;48.1985772;9830;27.78;3;Scheduled;0
82;16.3514702;48.2539013;4938;28.44;3;Scheduled;0
83;16.2709404;48.1975954;464;21.94;3;Scheduled;0
84;16.3912993;48.2500406;13283;23.85;3;Scheduled;0
85;16.4535526;48.2461413;13836;30.77;1;Scheduled;0
86;16.4641178;48.2379939;7975;34.42;1;Scheduled;0
87;16.3949418;48.2623156;9391;21.5;3;Scheduled;0
88;16.3244713;48.2270122;15704;31.45;3;Scheduled;0
89;16.3858866;48.2005757;3862;34.22;3;Scheduled;0
90;16.4123143;48.2925954;9325;32.28;3;Scheduled;0
91;16.393342;48.18754;8275;24.62;3;Scheduled;0
92;16.3431831;48.202793;1894;29.74;2;Scheduled;0
93;16.2689296;48.1775422;3100;34.3;3;Scheduled;0
94;16.4054225;48.1851253;13452;34.31;3;Scheduled;0
95;16.2914548;48.1708638;10491;25.1;3;Scheduled;0
96;16.3777411;48.1702982;3989;23.94;3;Scheduled;0
97;16.3492288;48.1411262;6876;22.48;3;Scheduled;0
98;16.2810963;48.1322141;10139;24.83;3;Scheduled;0
99;16.2905983;48.145825;6763;27.65;3;Scheduled;0
100;16.4216525;48.2112841;1327;33.86;3;Scheduled;0
101;16.3651292;48.2657934;15904;27.66;3;Scheduled;0
102;16.2873518;48.1564117;8748;23.86;3;Scheduled;0
103;16.4597271;48.2406945;13972;20.7;1;Scheduled;0
104;16.3754366;48.1989438;8478;26.27;3;Scheduled;0
105;16.3407996;48.1579909;14949;32.81;3;Scheduled;0
106;16.3674552;48.1665688;11408;25.21;3;Scheduled;0
107;16.386613;48.268031;6472;21.97;3;Scheduled;0
108;16.3564798;48.2146859;14822;25.62;3;Scheduled;0
109;16.3181024;48.1990771;15190;29.47;2;Scheduled;0
110;16.3857925;48.1529235;6994;25.85;3;Scheduled;0
111;16.3706492;48.1654667;11893;30.34;3;Scheduled;0
112;16.3127551;48.1425523;9713;30.34;3;Scheduled;0
113;16.2987761;48.1487073;857;28.32;3;Scheduled;0
114;16.4947783;48.2172714;14127;26.44;3;Scheduled;0
115;16.2941538;48.1476415;6762;26.79;3;Scheduled;0
