id;longitude;latitude;request_node;service_time_min;cluster;type;arrival_time
1;16.4371334;48.1793636;15824;0;3;Depot;0
2;16.3743185;48.1891707;3769;25.24;3;Scheduled;0
3;16.5405941;48.2146101;8843;24.71;3;Scheduled;0
4;16.3621347;48.201073;5094;34.73;3;Scheduled;0
5;16.3215563;48.1626891;6691;31.25;3;Scheduled;0
6;16.2746377;48.1643979;6841;30.57;3;Scheduled;0
7;16.2513883;48.218416;8167;23.34;3;Scheduled;0
8;16.3158267;48.2140857;2922;23.83;2;Scheduled;0
9;16.4352745;48.2527037;5086;29.75;1;Scheduled;0
10;16.3568228;48.172509;8583;29.26;3;Scheduled;0
11;16.2551471;48.1996727;787;23.8;3;Scheduled;0
12;16.3387871;48.2370753;329;27.78;3;Scheduled;0
13;16.4629495;48.2115349;2230;20.63;3;Scheduled;0
14;16.3742396;48.1863705;3751;27.06;3;Scheduled;0
15;16.2742534;48.1441861;7727;33.14;3;Scheduled;0
16;16.3695598;48.1736437;5223;34.25;3;Scheduled;0
17;16.444603;48.2722174;7303;31.34;1;Scheduled;0
18;16.3755199;48.2452199;13348;33.9;3;Scheduled;0
19;16.2833821;48.1487295;9665;28.35;3;Scheduled;0
20;16.3662523;48.1984692;1948;29.29;3;Scheduled;0
21;16.3969362;48.1862033;14955;33.98;3;Scheduled;0
22;16.2679742;48.205707;1004;30.07;3;Scheduled;0
23;16.464437;48.1554052;8452;20.77;3;Scheduled;0
24;16.4595743;48.2087692;6119;22.65;3;Scheduled;0
25;16.3814052;48.235203;15524;28.26;3;Scheduled;0
26;16.3655392;48.2099586;2696;23.02;3;Scheduled;0
27;16.3991661;48.1994543;6536;20.12;3;Scheduled;0
28;16.3694024;48.2180432;10495;30.84;3;Scheduled;0
29;16.3762372;48.2027173;3959;33.88;3;Scheduled;0
30;16.3142082;48.1884421;373;33.88;2;Scheduled;0
31;16.3982924;48.1898578;8465;22.85;3;Scheduled;0
32;16.385643;48.1413426;8079;25.32;3;Scheduled;0
33;16.3338961;48.2811337;11160;21.44;3;Scheduled;0
34;16.3518535;48.2190074;13323;21.14;3;Scheduled;0
35;16.2575474;48.1963929;551;22.85;3;Scheduled;0
36;16.4497962;48.2684647;5653;23.97;1;Scheduled;0
37;16.379006;48.2705685;9147;21.83;3;Scheduled;0
38;16.5019341;48.2544503;13234;20.12;3;Scheduled;0
39;16.3866139;48.1698852;5189;20.36;3;Scheduled;0
40;16.2746313;48.158547;13607;25.9;3;Scheduled;0
41;16.3383508;48.2001368;2062;22.42;2;Scheduled;0
42;16.3263773;48.2051486;2377;25.54;2;Scheduled;0
43;16.303968;48.2144948;11338;26.6;2;Scheduled;0
44;16.37275;48.1741345;4636;34.96;3;Scheduled;0
45;16.4141221;48.2318625;11094;32.29;1;Scheduled;0
46;16.3074505;48.2021313;1154;30.25;2;Scheduled;0
47;16.2761591;48.1759642;3133;29.87;3;Scheduled;0
48;16.2882772;48.138219;6782;29.01;3;Scheduled;0
49;16.3775832;48.220943;4196;21.61;3;Scheduled;0
50;16.364018;48.2178142;3318;29.57;3;Scheduled;0
51;16.345883;48.2859376;15029;23.9;3;Scheduled;0
52;16.3685073;48.1864612;13959;28.73;3;Scheduled;0
53;16.2456469;48.2179282;8329;34.6;3;Scheduled;0
54;16.2489992;48.2188434;15939;32.59;3;Scheduled;0
55;16.3922793;48.2061696;6176;29.89;3;Scheduled;0
56;16.3345693;48.2163472;10514;26.03;3;Scheduled;0
57;16.3828129;48.2100309;14501;21.47;3;Scheduled;0
58;16.367708;48.2019799;14707;24.79;3;Scheduled;0
59;16.4075725;48.1955964;8376;34.94;3;Scheduled;0
60;16.3636803;48.1924288;1945;30.89;3;Scheduled;0
61;16.4357564;48.2630451;4332;30.3;1;Scheduled;0
62;16.377102;48.1913908;3775;29.44;3;Scheduled;0
63;16.4486849;48.1940504;3462;32.05;3;Scheduled;0
64;16.4976888;48.2838136;16075;28.15;3;Scheduled;0
65;16.3136947;48.1942081;1088;32.93;2;Scheduled;0
66;16.2594122;48.1814025;3592;34.76;3;Scheduled;0
67;16.3191147;48.1996359;1264;28.84;2;Scheduled;0
68;16.355225;48.209235;2664;20.84;3;Scheduled;0
69;16.4834048;48.2024784;7364;27.91;3;Scheduled;0
70;16.4387235;48.2335842;6065;29.29;1;Scheduled;0
71;16.2359567;48.2076041;639;22.44;3;Scheduled;0
72;16.353952;48.1942116;709;34.11;2;Scheduled;0
73;16.4544818;48.2308008;10044;21.42;1;Scheduled;0
74;16.3302842;48.1627627;14174;32.17;3;Scheduled;0
75;16.2917731;48.2046897;999;34.9;2;Scheduled;0
76;16.3515756;48.2306766;3242;29.66;3;Scheduled;0
77;16.3452518;48.1453009;10729;23.79;3;Scheduled;0
78;16.3758246;48.2104291;10787;23.12;3;Scheduled;0
79;16.3193353;48.2062131;2381;32.29;2;Scheduled;0
80;16.3048253;48.2084421;72;24.08;2;Scheduled;0
81;16.4770099;48.2102421;2242;32.49;3;Scheduled;0
82;16.3269588;48.2440558;10115;28.11;3;Scheduled;0
83;16.4207534;48.1682182;8395;34.19;3;Scheduled;0
84;16.2605369;48.1981426;561;32.33;3;Scheduled;0
85;16.4015372;48.2397115;13456;34.5;3;Scheduled;0
86;16.26162;48.1743872;5807;33.86;3;Scheduled;0
87;16.4754411;48.2591708;13987;31.38;1;Scheduled;0
88;16.4932987;48.2257688;8928;27.58;3;Scheduled;0
89;16.2642695;48.2115076;11212;33.33;3;Scheduled;0
90;16.3679694;48.217374;769;22.03;3;Scheduled;0
91;16.3072691;48.2080576;1140;21.96;2;Scheduled;0
92;16.3670904;48.2052556;12161;33.84;3;Scheduled;0
93;16.3656144;48.1698264;5207;31.22;3;Scheduled;0
94;16.391461;48.1750846;7926;20.8;3;Scheduled;0
95;16.3385974;48.2093899;70;33.32;2;Scheduled;0
96;16.3596925;48.1759507;4873;21.65;3;Scheduled;0
97;16.3446272;48.1901662;3685;28.89;2;Scheduled;0
98;16.2735776;48.2145162;12077;24.22;3;Scheduled;0
99;16.3210373;48.1826843;11794;25.07;2;Scheduled;0
100;16.3174204;48.1943522;1070;27.47;2;Scheduled;0
101;16.3730115;48.2107302;11936;28.91;3;Scheduled;0
102;16.3597125;48.2072593;13705;26.37;3;Scheduled;0
103;16.4721994;48.2557601;13889;24.36;1;Scheduled;0
104;16.3636932;48.1527252;6900;20.72;3;Scheduled;0
105;16.3071202;48.223768;5934;24.62;3;Scheduled;0
106;16.3652061;48.2104102;2698;33.15;3;Scheduled;0
107;16.3819579;48.2865579;9945;33.17;3;Scheduled;0
108;16.3756609;48.1771117;5181;23.66;3;Scheduled;0
109;16.447873;48.2846505;4099;34.77;3;Scheduled;0
110;16.3461751;48.2305965;4920;33.3;3;Scheduled;0
111;16.3995733;48.2635238;5135;20.66;3;Scheduled;0
112;16.534893;48.2103775;9844;25.62;3;Scheduled;0
113;16.4899475;48.2199264;9989;20.82;3;Scheduled;0
114;16.3612537;48.2124798;10710;31.52;3;Scheduled;0
115;16.4713639;48.2084931;13254;22.24;3;Scheduled;0
116;16.4663305;48.2487501;7834;34.5;1;OnDemand;2.74
117;16.2761238;48.1653607;6793;29.4;3;OnDemand;22.05
118;16.313241;48.2074063;15977;21.59;2;OnDemand;28.36
119;16.3702459;48.2327415;14695;22.81;3;OnDemand;52.17
120;16.2838049;48.1820414;391;32.32;2;OnDemand;59.82
121;16.3118491;48.2258649;7543;29.8;3;OnDemand;68.51
122;16.3315962;48.2082867;1475;21.68;2;OnDemand;77.18
123;16.4063821;48.3016209;6582;28.9;3;OnDemand;89.98
124;16.4492355;48.2484172;5054;27.19;1;OnDemand;93.47
125;16.2808493;48.226663;7593;25;3;OnDemand;103.54
126;16.3559284;48.1914654;3711;24.29;2;OnDemand;105.04
127;16.4188073;48.2617544;10776;24.38;1;OnDemand;107.02
128;16.3198001;48.1848954;29;21.51;2;OnDemand;107.46
129;16.4467721;48.245558;7373;21.4;1;OnDemand;112.51
130;16.4366775;48.2630667;5492;24.33;1;OnDemand;128.53
131;16.4496921;48.271606;5651;31.29;1;OnDemand;137.43
132;16.439429;48.2882536;9603;33.79;3;OnDemand;147.36
133;16.4430951;48.254283;675;34.77;1;OnDemand;155.84
134;16.4357564;48.2630451;4332;24.17;1;OnDemand;158.18
135;16.3322871;48.2287235;5732;25.08;3;OnDemand;160.15
136;16.3111965;48.1981986;1079;20.76;2;OnDemand;164.85
137;16.467777;48.2299677;5469;21.31;1;OnDemand;169.25
138;16.3734175;48.278649;9043;25.06;3;OnDemand;173.62
139;16.3518245;48.2441572;12194;23.77;3;OnDemand;193.16
140;16.4264007;48.2326401;9936;25.44;1;OnDemand;196.83
141;16.4432392;48.2340148;13850;31.13;1;OnDemand;201.55
142;16.3048671;48.2224757;9222;30.6;3;OnDemand;207.05
143;16.4312113;48.2382574;4339;31.7;1;OnDemand;207.43
144;16.4469208;48.2342893;7396;26.02;1;OnDemand;217.22
145;16.3162411;48.1665219;10587;34.94;2;OnDemand;257.92
146;16.3174286;48.2016019;1203;24.97;2;OnDemand;276.6
147;16.396565;48.1492025;8688;21.28;3;OnDemand;281.27
148;16.4541516;48.255703;8486;32.82;1;OnDemand;282.22
149;16.3388145;48.1884792;1734;27.85;2;OnDemand;288.27
150;16.48147;48.2356392;10318;34.96;3;OnDemand;298.17
151;16.4188073;48.2617544;10776;26.33;1;OnDemand;302.39
152;16.390076;48.1489504;8658;23.43;3;OnDemand;303.17
153;16.4592281;48.2563341;14947;21.55;1;OnDemand;303.96
