id;longitude;latitude;request_node;service_time_min;cluster;type;arrival_time
1;16.4371334;48.1793636;15824;0;3;Depot;0
2;16.3083212;48.2233666;8003;32.2;3;Scheduled;0
3;16.369448;48.2235657;4774;21.03;3;Scheduled;0
4;16.29052;48.2125488;10368;26.01;2;Scheduled;0
5;16.3195395;48.1560293;13217;22.12;3;Scheduled;0
6;16.2771417;48.1542445;9724;22.9;3;Scheduled;0
7;16.3898564;48.1432395;12758;32.62;3;Scheduled;0
8;16.2731241;48.1879173;10538;30.8;3;Scheduled;0
9;16.4047518;48.1846417;8461;24.01;3;Scheduled;0
10;16.3974802;48.138088;4049;27.43;3;Scheduled;0
11;16.3778727;48.213534;13498;21.25;3;Scheduled;0
12;16.335199;48.2471619;11570;25.31;3;Scheduled;0
13;16.5234499;48.214644;12256;34.54;3;Scheduled;0
14;16.3286983;48.1385561;8788;29.37;3;Scheduled;0
15;16.3381316;48.2085805;1300;29.97;2;Scheduled;0
16;16.3530939;48.2519371;14261;24.69;3;Scheduled;0
17;16.3508677;48.1346426;15853;26.09;3;Scheduled;0
18;16.3835525;48.207399;8521;34.94;3;Scheduled;0
19;16.3776526;48.1981238;1798;32.83;3;Scheduled;0
20;16.3199041;48.1543411;12104;34.3;3;Scheduled;0
21;16.3377833;48.1520489;13902;32.18;3;Scheduled;0
22;16.3506555;48.1976346;9940;31.73;2;Scheduled;0
23;16.5363225;48.2586376;8228;24.02;3;Scheduled;0
24;16.37654;48.2872829;1128;31.43;3;Scheduled;0
25;16.4875304;48.2236388;8920;34.79;3;Scheduled;0
26;16.3166329;48.1657007;877;24.4;2;Scheduled;0
27;16.4095373;48.1592177;8676;25.99;3;Scheduled;0
28;16.3209273;48.1819349;10125;32.18;2;OnDemand;3.68
29;16.4582273;48.2638569;12800;21.16;1;OnDemand;9.84
30;16.3359998;48.1945473;14764;25.46;2;OnDemand;12.8
31;16.3481836;48.1869917;3671;26.64;2;OnDemand;21.34
32;16.4612148;48.2377907;7412;22.35;1;OnDemand;21.47
33;16.4410141;48.2339574;12406;28.73;1;OnDemand;28.06
34;16.4136884;48.2370209;13998;34.55;1;OnDemand;31.28
35;16.4704531;48.2542181;7417;34.84;1;OnDemand;31.87
36;16.4471977;48.2400316;15012;22.65;1;OnDemand;37.93
37;16.4421008;48.2485939;7215;28.13;1;OnDemand;39.87
38;16.4260614;48.2680695;15963;25.76;1;OnDemand;45.75
39;16.4481685;48.2599743;8594;30.14;1;OnDemand;53.87
40;16.4051379;48.2569486;1816;24.04;1;OnDemand;56.18
41;16.301868;48.192121;13748;27.04;2;OnDemand;58.45
42;16.4598374;48.2408557;13976;22.58;1;OnDemand;69.61
43;16.457939;48.2280799;11658;25.54;1;OnDemand;77.52
44;16.4523929;48.2487411;14797;30.88;1;OnDemand;79.05
45;16.4667879;48.2481022;13982;27.29;1;OnDemand;90.72
46;16.3299769;48.203845;2825;20.96;2;OnDemand;93.67
47;16.3434316;48.1915825;10770;31.77;2;OnDemand;96.1
48;16.4512762;48.244705;7464;26.27;1;OnDemand;97.44
49;16.4225607;48.2475658;7838;34.72;1;OnDemand;111.85
50;16.3196157;48.1970157;15981;24.24;2;OnDemand;119.2
51;16.4578308;48.2455037;11958;32.72;1;OnDemand;126.22
52;16.4423457;48.253338;7502;21.23;1;OnDemand;131.93
53;16.2976041;48.1944269;839;33.3;2;OnDemand;135.31
54;16.4403531;48.2466221;8968;27.08;1;OnDemand;140.37
55;16.3457199;48.2087388;2121;21.64;2;OnDemand;140.57
56;16.3403178;48.2028008;14561;25;2;OnDemand;145.17
57;16.317771;48.1990838;1084;32.56;2;OnDemand;151.58
58;16.3039007;48.2138256;1133;24.15;2;OnDemand;158.88
59;16.3278643;48.1953998;2727;28.81;2;OnDemand;162.26
60;16.3253316;48.1681874;10730;32.55;2;OnDemand;162.69
61;16.3492477;48.1841165;6627;21.07;2;OnDemand;164.57
62;16.4422162;48.2531655;7499;30.54;1;OnDemand;173.02
63;16.4269294;48.2576314;7231;30.48;1;OnDemand;173.39
64;16.3366447;48.1947991;14765;26.96;2;OnDemand;175.69
65;16.4141105;48.2606665;10775;26.55;1;OnDemand;178.47
66;16.2878656;48.1787049;3116;28.43;2;OnDemand;184.24
67;16.443656;48.2736935;10056;33.93;1;OnDemand;197.28
68;16.27902;48.1990743;514;23.46;2;OnDemand;209.43
69;16.2797586;48.1861837;265;23.33;2;OnDemand;210.61
70;16.4150897;48.2322987;6322;26.3;1;OnDemand;226.68
71;16.3217492;48.1818566;5344;25;2;OnDemand;229.43
72;16.326467;48.170278;13300;32.97;2;OnDemand;234.42
73;16.3253168;48.2153059;10337;22.66;2;OnDemand;236.56
74;16.4170546;48.2614485;14065;27.4;1;OnDemand;237.94
75;16.3234003;48.2160609;2908;26.45;2;OnDemand;239.05
76;16.2947024;48.1873541;36;28.46;2;OnDemand;239.83
77;16.303968;48.2144948;11338;29.84;2;OnDemand;258.01
78;16.3359352;48.1957753;1923;34.68;2;OnDemand;274.52
79;16.4604817;48.2391951;13174;23.48;1;OnDemand;291.69
80;16.3322822;48.1878866;1589;23.61;2;OnDemand;292.7
81;16.3367061;48.1978377;1288;31.95;2;OnDemand;307.1
82;16.3165395;48.1990647;1083;32.48;2;OnDemand;307.36
83;16.3384663;48.181654;13923;21.7;2;OnDemand;308.15
84;16.301527;48.1991888;971;34.45;2;OnDemand;310.91
85;16.2983097;48.1940912;249;22.21;2;OnDemand;315.43
86;16.3153914;48.2107562;2408;22.15;2;OnDemand;317.48
87;16.3091259;48.2137689;14369;33.88;2;OnDemand;318.34
88;16.3448013;48.1825993;5291;27.61;2;OnDemand;321.47
89;16.3488289;48.1926168;3706;22.32;2;OnDemand;337.47
90;16.3382695;48.188848;13229;25.22;2;OnDemand;342.64
91;16.3234702;48.1758059;5327;29.9;2;OnDemand;344.77
92;16.3539469;48.1857077;15409;24.68;2;OnDemand;351.54
93;16.3103698;48.193413;255;25.27;2;OnDemand;359.39
94;16.3026026;48.2055507;991;22.22;2;OnDemand;360.43
95;16.2806609;48.1874209;831;29.88;2;OnDemand;362.09
96;16.2918772;48.1718606;3181;22.78;2;OnDemand;362.24
97;16.3072254;48.1959756;879;34.32;2;OnDemand;364.85
98;16.3532547;48.1830294;2045;33.47;2;OnDemand;367.02
99;16.2859046;48.2070188;1051;34.16;2;OnDemand;368.42
