id;longitude;latitude;request_node;service_time_min;cluster;type;arrival_time
1;16.4371334;48.1793636;15824;0;3;Depot;0
2;16.3492475;48.2260964;586;30.51;3;Scheduled;0
3;16.3341795;48.2011558;2866;24.15;2;Scheduled;0
4;16.4114637;48.1788774;1794;26.48;3;Scheduled;0
5;16.4418009;48.2803137;4166;20.19;3;Scheduled;0
6;16.3897462;48.2175578;683;28.45;3;Scheduled;0
7;16.3677793;48.2022641;14706;30.06;3;Scheduled;0
8;16.4522819;48.2345906;10229;24.7;1;Scheduled;0
9;16.3645305;48.2664005;13044;34.21;3;Scheduled;0
10;16.3886766;48.2068659;4793;22.53;3;Scheduled;0
11;16.2339968;48.2018906;306;26.61;3;Scheduled;0
12;16.5325727;48.2491756;2359;28.57;3;Scheduled;0
13;16.3929186;48.2582852;6557;34.62;3;Scheduled;0
14;16.4734302;48.2182875;13373;31.47;3;Scheduled;0
15;16.4703083;48.2237604;10853;26.65;3;Scheduled;0
16;16.2074912;48.2027922;13441;25.34;3;Scheduled;0
17;16.3889106;48.2170098;14487;20.55;3;Scheduled;0
18;16.3932494;48.194287;5504;28.91;3;Scheduled;0
19;16.3224864;48.2632421;13907;34.42;3;Scheduled;0
20;16.3853288;48.2397347;766;23.79;3;Scheduled;0
21;16.3853005;48.220616;14058;32.71;3;Scheduled;0
22;16.3227102;48.1378902;410;23.19;3;Scheduled;0
23;16.4648681;48.2165655;15724;24.17;3;Scheduled;0
24;16.4158228;48.2830601;9775;27.19;3;Scheduled;0
25;16.3445563;48.178493;5295;31.7;2;Scheduled;0
26;16.3646881;48.2593788;15204;33.51;3;Scheduled;0
27;16.3351198;48.2511595;6012;34.15;3;Scheduled;0
28;16.2351504;48.2004214;897;26.23;3;Scheduled;0
29;16.3637095;48.1954769;1951;25.01;3;Scheduled;0
30;16.3870052;48.2224879;4398;24.24;3;Scheduled;0
31;16.4136411;48.1817892;15659;21.08;3;Scheduled;0
32;16.4194964;48.1712139;8388;21.06;3;Scheduled;0
33;16.3188298;48.1804677;10126;22.38;2;Scheduled;0
34;16.3606722;48.2158553;15228;22.26;3;Scheduled;0
35;16.3849501;48.2149839;14485;31.28;3;Scheduled;0
36;16.5332835;48.2087315;13764;21.44;3;Scheduled;0
37;16.314109;48.2234219;7999;29.17;3;Scheduled;0
38;16.3750993;48.2520737;9071;23.01;3;Scheduled;0
39;16.2811698;48.1932086;432;27.55;2;Scheduled;0
40;16.364901;48.1429277;12341;21.94;3;Scheduled;0
41;16.2808185;48.195939;15870;20.04;2;Scheduled;0
42;16.4516144;48.2825136;4298;29.66;3;Scheduled;0
43;16.4507685;48.2063412;11855;23.62;3;Scheduled;0
44;16.3209273;48.1819349;10125;26.3;2;Scheduled;0
45;16.3247116;48.1553955;5524;30.73;3;Scheduled;0
46;16.4539912;48.1921241;9907;21.51;3;Scheduled;0
47;16.499191;48.2576876;9280;29.1;3;Scheduled;0
48;16.3956912;48.2602471;14639;23.19;3;Scheduled;0
49;16.401073;48.3115095;4247;33.42;3;Scheduled;0
50;16.3252801;48.167685;9083;28.45;2;Scheduled;0
51;16.3832217;48.2400228;9530;23.72;3;Scheduled;0
52;16.3855829;48.1948736;3871;30.96;3;Scheduled;0
53;16.390707;48.2075665;4492;23.99;3;Scheduled;0
54;16.260718;48.2072103;11219;31.31;3;Scheduled;0
55;16.3294571;48.1537316;11579;34.37;3;Scheduled;0
56;16.3412904;48.2508274;11389;27.22;3;Scheduled;0
57;16.3480501;48.2308415;9341;33.64;3;Scheduled;0
58;16.3110206;48.1704996;15947;34.85;2;Scheduled;0
59;16.3631313;48.1728393;3996;23.49;3;Scheduled;0
60;16.4001573;48.1995143;4668;24.23;3;Scheduled;0
61;16.3870393;48.2111745;6788;30.56;3;Scheduled;0
62;16.3474323;48.1445391;10728;32.5;3;Scheduled;0
63;16.4929343;48.2418577;14769;26.99;3;Scheduled;0
64;16.4555308;48.1550136;8425;25.86;3;Scheduled;0
65;16.3832641;48.2201144;4531;21.41;3;Scheduled;0
66;16.300646;48.1992271;973;31.3;2;Scheduled;0
67;16.3314456;48.1864954;3631;31.89;2;Scheduled;0
68;16.410497;48.2908104;14535;26.81;3;Scheduled;0
69;16.4633457;48.2035013;6089;25.41;3;Scheduled;0
70;16.4706868;48.1625322;8609;25.41;3;Scheduled;0
71;16.2873059;48.1701162;10489;20.92;3;Scheduled;0
72;16.404292;48.203231;6271;26.87;3;Scheduled;0
73;16.4317561;48.2918404;4906;27.31;3;Scheduled;0
74;16.392703;48.1648567;12445;27.77;3;Scheduled;0
75;16.3678351;48.1744732;4629;20.55;3;Scheduled;0
76;16.4390369;48.2280484;12538;20.63;1;Scheduled;0
77;16.3924841;48.2599186;778;33.52;3;Scheduled;0
78;16.2554795;48.1510304;8729;34.1;3;Scheduled;0
79;16.3358173;48.2191453;10517;29.43;3;Scheduled;0
80;16.3472242;48.1500616;13708;31.72;3;Scheduled;0
81;16.3785504;48.2738465;4720;31.24;3;Scheduled;0
82;16.3449569;48.1687643;10942;22.04;3;Scheduled;0
83;16.3795077;48.2795472;9955;22.64;3;Scheduled;0
84;16.3838485;48.1982897;3841;20.63;3;Scheduled;0
85;16.3653646;48.2299899;2995;29.97;3;Scheduled;0
86;16.2837107;48.1445091;15650;29.98;3;Scheduled;0
87;16.3416843;48.2557822;13488;29.7;3;Scheduled;0
88;16.3771475;48.156077;11734;31.58;3;Scheduled;0
89;16.3619451;48.2455532;12733;24.35;3;Scheduled;0
90;16.2423668;48.2233951;8310;32.1;3;Scheduled;0
91;16.3486508;48.2119465;2580;28.21;3;Scheduled;0
92;16.2545084;48.1928648;1463;29.3;3;Scheduled;0
93;16.4575644;48.2196817;16020;27.09;3;Scheduled;0
94;16.4527774;48.2683841;5511;26.82;1;Scheduled;0
95;16.2715738;48.2050004;1011;34.54;3;Scheduled;0
96;16.3676332;48.2792505;12745;29.96;3;Scheduled;0
97;16.4128982;48.2197625;2368;32.63;3;Scheduled;0
98;16.3490114;48.1859318;13191;23.19;2;Scheduled;0
99;16.271993;48.1890845;224;22.75;3;Scheduled;0
100;16.4179163;48.1633231;8495;24.09;3;Scheduled;0
101;16.3139077;48.196517;1075;28.71;2;Scheduled;0
102;16.4727707;48.2746746;2126;34.35;3;Scheduled;0
103;16.3619751;48.2551171;14304;23.78;3;Scheduled;0
104;16.3584704;48.1764577;4875;23.56;3;Scheduled;0
105;16.2897956;48.1506554;11039;24.09;3;Scheduled;0
106;16.3306864;48.2127268;13901;26.71;2;Scheduled;0
107;16.4558828;48.2236407;14787;25.44;3;Scheduled;0
108;16.3750073;48.1978739;3891;22.38;3;Scheduled;0
109;16.4038202;48.225188;1660;29.29;3;Scheduled;0
110;16.4029202;48.2789033;9772;34.54;3;Scheduled;0
111;16.3721881;48.2070582;2641;20.8;3;Scheduled;0
112;16.3777505;48.1840812;15924;25.52;3;Scheduled;0
113;16.2936188;48.1957637;444;30.74;2;Scheduled;0
114;16.3679862;48.2027215;701;32.52;3;Scheduled;0
115;16.4558526;48.2646901;12330;24.05;1;Scheduled;0
116;16.4433868;48.2709237;5638;32.58;1;OnDemand;6.14
117;16.3291521;48.2006405;2845;21.44;2;OnDemand;167.89
118;16.3247043;48.2123914;12214;22.6;2;OnDemand;275.27
119;16.4539828;48.247647;11959;25.67;1;OnDemand;342.24
120;16.3068374;48.252721;13702;29.55;3;OnDemand;359.59
