id;longitude;latitude;request_node;service_time_min;cluster;type;arrival_time
1;16.4371334;48.1793636;15824;0;3;Depot;0
2;16.3743185;48.1891707;3769;20.49;3;Scheduled;0
3;16.5405941;48.2146101;8843;28.58;3;Scheduled;0
4;16.3621347;48.201073;5094;24.37;3;Scheduled;0
5;16.3215563;48.1626891;6691;32.63;3;Scheduled;0
6;16.2746377;48.1643979;6841;27.34;3;Scheduled;0
7;16.2513883;48.218416;8167;28.43;3;Scheduled;0
8;16.3158267;48.2140857;2922;20.23;2;Scheduled;0
9;16.4352745;48.2527037;5086;27.99;1;Scheduled;0
10;16.3858517;48.2647968;1626;34.43;3;OnDemand;2.07
11;16.3934896;48.2043068;5721;31.08;3;OnDemand;8.05
12;16.4080149;48.2526504;14328;31.65;1;OnDemand;11.63
13;16.41623;48.2305969;7962;30.92;1;OnDemand;11.68
14;16.3295866;48.1718667;11643;24.71;2;OnDemand;12.48
15;16.419344;48.2611507;6463;22.69;1;OnDemand;19.59
16;16.2261805;48.2121088;641;24.77;3;OnDemand;20.99
17;16.3543076;48.2317555;14714;26.38;3;OnDemand;22.77
18;16.3334201;48.1812057;5313;29.45;2;OnDemand;29.27
19;16.321192;48.1949136;2754;22.26;2;OnDemand;29.96
20;16.3301527;48.191474;14768;22.48;2;OnDemand;30.52
21;16.3963796;48.2587327;14637;24.8;3;OnDemand;31.44
22;16.2970909;48.1720115;184;24.46;2;OnDemand;36.2
23;16.3121364;48.2126054;6956;32.44;2;OnDemand;42.38
24;16.4346377;48.2416571;2188;27.87;1;OnDemand;49.5
25;16.3575445;48.2613674;11194;29.9;3;OnDemand;50.46
26;16.475418;48.2433104;9729;28.12;1;OnDemand;54.76
27;16.3222571;48.2152496;2931;22.91;2;OnDemand;57.05
28;16.4740368;48.1589658;8447;33.18;3;OnDemand;61.26
29;16.4538414;48.2751266;12981;32.71;1;OnDemand;63.61
30;16.3274724;48.1912906;14776;29.8;2;OnDemand;67.71
31;16.4127936;48.2487215;5027;23.35;1;OnDemand;67.74
32;16.4491715;48.2556169;10003;26.7;1;OnDemand;75.23
33;16.3077223;48.1880741;2801;34.05;2;OnDemand;76.92
34;16.4503285;48.2308397;4122;25.28;1;OnDemand;78.07
35;16.328507;48.1996148;2731;20.27;2;OnDemand;81.45
36;16.3260069;48.1747205;5592;33.49;2;OnDemand;84.2
37;16.446009;48.2770209;4300;31.29;3;OnDemand;85.71
38;16.2905744;48.1969552;21;23.63;2;OnDemand;86.87
39;16.3502305;48.1827991;6628;21.76;2;OnDemand;87.36
40;16.4302827;48.2513076;12680;30.71;1;OnDemand;92.43
41;16.2761238;48.1653607;6793;34.1;3;OnDemand;97.5
42;16.313241;48.2074063;15977;29.29;2;OnDemand;99.15
43;16.3702459;48.2327415;14695;24.97;3;OnDemand;105.41
44;16.2838049;48.1820414;391;28.78;2;OnDemand;107.41
45;16.3118491;48.2258649;7543;33.04;3;OnDemand;109.69
46;16.3315962;48.2082867;1475;32.32;2;OnDemand;111.97
47;16.4063821;48.3016209;6582;28.08;3;OnDemand;115.33
48;16.4492355;48.2484172;5054;22.81;1;OnDemand;116.25
49;16.2808493;48.226663;7593;28.98;3;OnDemand;118.89
50;16.3559284;48.1914654;3711;27.48;2;OnDemand;119.28
51;16.4188073;48.2617544;10776;26.26;1;OnDemand;119.8
52;16.3198001;48.1848954;29;26.34;2;OnDemand;119.92
53;16.4467721;48.245558;7373;32.84;1;OnDemand;121.25
54;16.4366775;48.2630667;5492;20.19;1;OnDemand;125.45
55;16.4496921;48.271606;5651;28.87;1;OnDemand;127.79
56;16.439429;48.2882536;9603;30.26;3;OnDemand;130.4
57;16.4430951;48.254283;675;26.85;1;OnDemand;132.62
58;16.4357564;48.2630451;4332;34.22;1;OnDemand;133.24
59;16.3322871;48.2287235;5732;26.74;3;OnDemand;133.75
60;16.3111965;48.1981986;1079;21.74;2;OnDemand;134.99
61;16.467777;48.2299677;5469;31.63;1;OnDemand;136.14
62;16.3734175;48.278649;9043;34.27;3;OnDemand;137.29
63;16.3518245;48.2441572;12194;34.13;3;OnDemand;142.42
64;16.4264007;48.2326401;9936;28.72;1;OnDemand;143.38
65;16.4432392;48.2340148;13850;25.49;1;OnDemand;144.62
66;16.3048671;48.2224757;9222;33.76;3;OnDemand;146.07
67;16.4312113;48.2382574;4339;31.47;1;OnDemand;146.17
68;16.4469208;48.2342893;7396;22.93;1;OnDemand;148.74
69;16.3162411;48.1665219;10587;34.23;2;OnDemand;159.42
70;16.3174286;48.2016019;1203;31.3;2;OnDemand;164.33
71;16.396565;48.1492025;8688;34.77;3;OnDemand;165.55
72;16.4541516;48.255703;8486;24.21;1;OnDemand;165.8
73;16.3388145;48.1884792;1734;32.93;2;OnDemand;167.39
74;16.48147;48.2356392;10318;23.7;3;OnDemand;169.99
75;16.4188073;48.2617544;10776;23.17;1;OnDemand;171.1
76;16.390076;48.1489504;8658;29.71;3;OnDemand;171.3
77;16.4592281;48.2563341;14947;31.72;1;OnDemand;171.51
78;16.4711083;48.2421306;5675;33.58;1;OnDemand;172.62
79;16.4301568;48.2392336;670;21.83;1;OnDemand;176.22
80;16.3296858;48.1959362;870;29.35;2;OnDemand;179.32
81;16.3380111;48.1491103;404;34.87;3;OnDemand;181.48
82;16.3156267;48.176574;13346;24.62;2;OnDemand;187.64
83;16.4160782;48.263639;6464;20.08;1;OnDemand;195.33
84;16.3572143;48.2055932;10479;33.42;3;OnDemand;203.28
85;16.4325834;48.2433339;15734;33.37;1;OnDemand;203.94
86;16.295526;48.1805;14327;25.71;2;OnDemand;211.6
87;16.4078673;48.2434577;4372;32.54;1;OnDemand;212.9
88;16.346903;48.2027862;2060;31.87;2;OnDemand;213.52
89;16.3080857;48.1989784;1106;33.34;2;OnDemand;213.59
90;16.3919272;48.2362022;13956;21.56;3;OnDemand;214.95
91;16.4064005;48.3004083;6583;29.99;3;OnDemand;218.34
92;16.3046317;48.157727;8984;31.66;3;OnDemand;218.67
93;16.3772777;48.2436964;1378;32.46;3;OnDemand;221.25
94;16.4358158;48.2572848;4468;23.16;1;OnDemand;222.76
95;16.2813518;48.2044853;1031;22.85;2;OnDemand;238.9
96;16.4667373;48.2312528;5474;25.28;1;OnDemand;243.7
97;16.4703114;48.1987642;9831;22.54;3;OnDemand;255.94
98;16.3724295;48.1813383;5550;21.29;3;OnDemand;258.15
99;16.383018;48.1407716;14068;28.86;3;OnDemand;266.47
100;16.3242206;48.2152776;2933;35;2;OnDemand;267.33
101;16.2917731;48.2046897;999;31.34;2;OnDemand;268.26
102;16.4396218;48.2299081;7981;21.69;1;OnDemand;276.88
103;16.4253546;48.2275761;14309;31.57;1;OnDemand;281.07
104;16.4084357;48.1621533;12012;28.66;3;OnDemand;281.5
105;16.3315881;48.1931779;1914;21.49;2;OnDemand;281.84
106;16.3668553;48.1928933;3496;28.06;3;OnDemand;283.06
107;16.3738538;48.1783426;8558;32.95;3;OnDemand;284.69
108;16.3088108;48.2091423;244;22.85;2;OnDemand;290.89
109;16.3417939;48.1963;1496;25.61;2;OnDemand;291.02
110;16.307732;48.2473426;5450;29.04;3;OnDemand;295.33
111;16.3343198;48.1803828;10664;24.6;2;OnDemand;298.23
112;16.3142789;48.2004183;1194;31.17;2;OnDemand;301.36
113;16.3196142;48.1714741;11652;29.27;2;OnDemand;303.28
114;16.3759438;48.2081118;3952;31.67;3;OnDemand;304.3
115;16.3398423;48.193468;11431;20.21;2;OnDemand;305.31
116;16.4543315;48.2337921;11635;20.19;1;OnDemand;317.64
117;16.3170456;48.1739261;7381;23.14;2;OnDemand;317.79
118;16.3457995;48.1784356;6304;22.75;2;OnDemand;318.65
119;16.3361053;48.2273665;3363;21.49;3;OnDemand;320.16
120;16.4592281;48.2563341;14947;26.51;1;OnDemand;320.42
121;16.4477631;48.2504956;13128;21.38;1;OnDemand;321.19
122;16.3277398;48.1771703;5321;27.11;2;OnDemand;322.05
123;16.486199;48.2816131;8370;28.51;3;OnDemand;326.98
124;16.400625;48.2062397;4693;24.6;3;OnDemand;332.8
125;16.3158577;48.199638;1209;24.71;2;OnDemand;333.96
126;16.3907122;48.1760828;15361;30.48;3;OnDemand;338.38
127;16.3526017;48.1871667;1932;24.67;2;OnDemand;346.71
128;16.3889368;48.2685702;6475;27.71;3;OnDemand;348.94
129;16.3305418;48.1891275;3627;26.14;2;OnDemand;350.26
130;16.2808185;48.195939;15870;22.72;2;OnDemand;354.55
131;16.4625236;48.2174273;2155;25.13;3;OnDemand;354.8
132;16.2665952;48.1779445;3089;32.3;3;OnDemand;364.7
133;16.2454829;48.1718113;15272;32.81;3;OnDemand;368.74
134;16.2231242;48.2053251;5928;25.52;3;OnDemand;371.3
135;16.329422;48.2314884;14458;20.49;3;OnDemand;373.97
136;16.4315198;48.2523014;9999;28.07;1;OnDemand;374.98
137;16.2872577;48.1913534;31;22.24;2;OnDemand;376.39
138;16.3003743;48.1513776;9334;34.75;3;OnDemand;381.69
139;16.295526;48.1805;14327;28.91;2;OnDemand;388.39
140;16.3174632;48.1747496;10599;28.67;2;OnDemand;389.81
141;16.3814247;48.2462219;13470;20.83;3;OnDemand;392.28
142;16.316793;48.1763756;10598;22.5;2;OnDemand;393.79
143;16.301324;48.1964363;13304;23.92;2;OnDemand;394
