id;longitude;latitude;request_node;service_time_min;cluster;type;arrival_time
1;16.4371334;48.1793636;15824;0;3;Depot;0
2;16.3389235;48.2536023;12138;23.5;3;Scheduled;0
3;16.3760482;48.1839801;10936;31.73;3;Scheduled;0
4;16.4472271;48.206604;2254;21.16;3;Scheduled;0
5;16.2970579;48.1437345;6858;27.32;3;Scheduled;0
6;16.4625429;48.2433252;13176;20.86;1;Scheduled;0
7;16.354337;48.2305485;1832;21.09;3;Scheduled;0
8;16.3872213;48.1930981;3796;27.91;3;Scheduled;0
9;16.3311692;48.1915548;13533;28.06;2;Scheduled;0
10;16.3449222;48.1780321;5282;31.17;2;OnDemand;1.99
11;16.3075006;48.2171565;1645;32.56;2;OnDemand;2.65
12;16.3233604;48.2207546;11971;25.86;3;OnDemand;5.04
13;16.4384767;48.2586587;12977;24.13;1;OnDemand;8.8
14;16.3075287;48.2021168;15777;24.01;2;OnDemand;9.25
15;16.4191688;48.174457;12292;27.95;3;OnDemand;18.4
16;16.4139085;48.1950162;5862;31.15;3;OnDemand;19.35
17;16.3504166;48.1945967;2116;34.79;2;OnDemand;21.32
18;16.5443062;48.2193591;8811;33.54;3;OnDemand;22.81
19;16.2575013;48.147985;6355;31.8;3;OnDemand;23.6
20;16.4044819;48.2440183;4371;29.48;1;OnDemand;31.4
21;16.4387041;48.2002374;1373;24.42;3;OnDemand;31.61
22;16.4432521;48.2322089;7392;29.68;1;OnDemand;33.04
23;16.5088364;48.2242684;14865;20.82;3;OnDemand;44.03
24;16.4472297;48.2274888;7119;29.9;1;OnDemand;44.9
25;16.3095215;48.2011622;1217;23.48;2;OnDemand;45.33
26;16.345883;48.2859376;15029;24.96;3;OnDemand;51.27
27;16.4046047;48.2448947;14566;25.42;1;OnDemand;57.84
28;16.4435525;48.2336889;4123;21.19;1;OnDemand;65.7
29;16.4303625;48.2511907;13872;22.43;1;OnDemand;69.43
30;16.3538996;48.1966647;3924;33.26;2;OnDemand;69.5
31;16.441812;48.2336312;7390;23.49;1;OnDemand;73.05
32;16.3919986;48.2107929;6175;29.24;3;OnDemand;81.32
33;16.4455391;48.256078;4322;33.93;1;OnDemand;81.47
34;16.4388702;48.2374415;4347;33.77;1;OnDemand;82.63
35;16.3200528;48.1579323;8013;34.53;3;OnDemand;83.24
36;16.2787909;48.1579645;6825;32.38;3;OnDemand;88.23
37;16.2812963;48.1940243;44;27.52;2;OnDemand;90.12
38;16.2556287;48.204032;15395;25.88;3;OnDemand;93.88
39;16.3544496;48.23006;14710;21.34;3;OnDemand;99.41
40;16.2712324;48.1766656;3175;21.49;3;OnDemand;101.57
41;16.4304784;48.1715964;6382;28.4;3;OnDemand;102.15
42;16.3631965;48.2097084;2711;28.98;3;OnDemand;103.19
43;16.2418709;48.1375944;12363;29.21;3;OnDemand;105.08
44;16.3450224;48.200371;10800;28.45;2;OnDemand;105.69
45;16.2961459;48.1868581;11875;26.77;2;OnDemand;105.82
46;16.4216268;48.2361111;11935;34.22;1;OnDemand;106.56
47;16.3752376;48.2226209;10246;28.25;3;OnDemand;107.14
48;16.3520556;48.1898456;11944;32.78;2;OnDemand;108.56
49;16.3218663;48.2071616;2385;23.3;2;OnDemand;111.23
50;16.3861635;48.1779295;13932;26.76;3;OnDemand;118
51;16.438993;48.1923009;1694;22.33;3;OnDemand;121.06
52;16.4717313;48.1963349;9825;34.65;3;OnDemand;126.37
53;16.3134172;48.2043082;1176;32.5;2;OnDemand;128.89
54;16.3269769;48.1722528;14940;26.96;2;OnDemand;133.84
55;16.4526092;48.2297971;7971;25.04;1;OnDemand;140.9
56;16.4135634;48.2572756;13826;32.31;1;OnDemand;145
57;16.4715427;48.2438251;9982;23.04;1;OnDemand;146.12
58;16.4128559;48.2595807;4119;31.15;1;OnDemand;156.12
59;16.3327504;48.1801967;5341;33.79;2;OnDemand;161.23
60;16.404665;48.2575149;15372;33.27;1;OnDemand;163.18
61;16.4284576;48.2404223;5076;27.6;1;OnDemand;163.92
62;16.4581845;48.2263343;2299;29.93;1;OnDemand;167.02
63;16.4403545;48.2499454;12264;34.51;1;OnDemand;168.27
64;16.2766958;48.164608;9904;23.06;3;OnDemand;170.18
65;16.4641525;48.2268516;5475;23.69;1;OnDemand;176.24
66;16.4374041;48.2435844;2145;25.37;1;OnDemand;178.38
67;16.2890486;48.1419958;15922;26.2;3;OnDemand;180.29
68;16.2775555;48.1901288;206;28.18;2;OnDemand;184.43
69;16.4216313;48.2133764;2957;31.29;3;OnDemand;185.58
70;16.31661;48.2079641;6220;23.29;2;OnDemand;185.63
71;16.3150199;48.1711559;875;30.5;2;OnDemand;194.33
72;16.3220096;48.1833903;7151;34.48;2;OnDemand;194.83
73;16.4430093;48.2542116;12486;27.98;1;OnDemand;200.13
74;16.4739735;48.2662173;13389;23.76;1;OnDemand;205.06
75;16.4217414;48.2288641;662;27.82;1;OnDemand;207.2
76;16.3523357;48.188978;12177;30.66;2;OnDemand;207.76
77;16.4044412;48.2509023;7246;23.46;1;OnDemand;207.99
78;16.4239842;48.2089019;13967;28.94;3;OnDemand;209.62
79;16.3153635;48.1990601;944;32.5;2;OnDemand;209.96
80;16.3262157;48.1908184;3606;30.66;2;OnDemand;210.92
81;16.4766311;48.2446192;9732;32.56;1;OnDemand;214.24
82;16.3697584;48.2766121;9950;30.56;3;OnDemand;214.88
83;16.3156676;48.1766481;1550;28.61;2;OnDemand;218.87
84;16.3757479;48.2225775;10335;26.66;3;OnDemand;222.22
85;16.3372999;48.1809449;15797;29.11;2;OnDemand;224.2
86;16.336894;48.1992768;2861;25.38;2;OnDemand;229.33
87;16.3426377;48.2419822;14347;33.3;3;OnDemand;230.54
88;16.4540679;48.2682898;7487;24.28;1;OnDemand;233.59
89;16.3907915;48.2637896;7342;28.62;3;OnDemand;233.67
90;16.3583472;48.2064824;13898;33.82;3;OnDemand;238.86
91;16.3264654;48.1773026;5322;34.63;2;OnDemand;239.48
92;16.3299546;48.2129577;10510;27.23;2;OnDemand;240.41
93;16.4599503;48.24078;13975;28.33;1;OnDemand;241.09
94;16.3570934;48.2029533;14583;29.68;3;OnDemand;247.45
95;16.4971792;48.2107087;7365;20.86;3;OnDemand;247.57
96;16.2583283;48.1332432;6066;30.13;3;OnDemand;247.58
97;16.4309578;48.25058;15346;23.19;1;OnDemand;248.49
98;16.3962485;48.204781;4684;25.45;3;OnDemand;257.22
99;16.307732;48.2473426;5450;33.34;3;OnDemand;261.4
100;16.3416216;48.1806087;7873;34.38;2;OnDemand;263.35
101;16.4751936;48.2593327;12991;25.36;1;OnDemand;263.8
102;16.4225461;48.2242346;6153;28.77;3;OnDemand;265.03
103;16.3069407;48.1976735;1103;26.53;2;OnDemand;265.37
104;16.3407423;48.1800915;13653;34.18;2;OnDemand;267.34
105;16.4426627;48.2724069;5639;30.69;1;OnDemand;268.35
106;16.4741161;48.263124;7419;33.22;1;OnDemand;268.8
107;16.377822;48.1539927;6656;22.92;3;OnDemand;269.03
108;16.2901852;48.198593;92;21.83;2;OnDemand;269.87
109;16.3393295;48.1806962;5288;33.38;2;OnDemand;276.99
110;16.422392;48.2354684;11934;25.31;1;OnDemand;277.31
111;16.3871823;48.2086359;12193;31.68;3;OnDemand;278.03
112;16.4045863;48.2247762;1659;25.82;3;OnDemand;279.3
113;16.5325727;48.2491756;2359;22.08;3;OnDemand;280.66
114;16.3131002;48.1746174;14342;33.79;2;OnDemand;284.72
115;16.3280589;48.2025058;2834;27.9;2;OnDemand;285.91
116;16.2990945;48.1740763;14067;32.82;2;OnDemand;289.21
117;16.4287608;48.2280378;15616;34.19;1;OnDemand;295.59
118;16.4304867;48.2749343;16047;31.26;1;OnDemand;300.23
119;16.4442931;48.2544313;4321;33.37;1;OnDemand;309.43
120;16.3499751;48.2063774;2682;23.19;2;OnDemand;309.95
121;16.3763705;48.2044666;14393;25.28;3;OnDemand;311.38
122;16.3351808;48.1767362;7867;23.83;2;OnDemand;311.89
123;16.3296858;48.1959362;870;21.33;2;OnDemand;314.66
124;16.2884212;48.2304052;13782;31.04;3;OnDemand;317.78
125;16.4391379;48.2547676;7764;29.64;1;OnDemand;322.93
126;16.3441109;48.2141745;9435;21.05;3;OnDemand;327.54
127;16.421335;48.2616106;10375;25.37;1;OnDemand;334.01
128;16.2654301;48.200704;146;31.4;3;OnDemand;337.58
129;16.288549;48.2017688;928;33.73;2;OnDemand;340.86
130;16.4262559;48.2324188;12621;26.63;1;OnDemand;342.06
131;16.4136568;48.2777601;14869;29.22;3;OnDemand;347.23
132;16.4693893;48.2555705;7414;33.06;1;OnDemand;347.99
133;16.4575024;48.2224336;2166;31.42;3;OnDemand;359.33
134;16.313277;48.1953422;1066;24.35;2;OnDemand;359.5
135;16.3359649;48.1990173;2084;22.61;2;OnDemand;367.92
136;16.2824516;48.1899069;829;20.25;2;OnDemand;369.71
137;16.3190348;48.2123732;1507;21.99;2;OnDemand;369.71
138;16.2854031;48.193803;16078;27.3;2;OnDemand;369.83
139;16.4077183;48.2539269;7252;31.06;1;OnDemand;381.58
140;16.3197747;48.1722782;6335;34.32;2;OnDemand;382.62
141;16.4161187;48.2660123;7204;21.37;1;OnDemand;395.61
142;16.4461223;48.2569387;5632;21.28;1;OnDemand;397.19
