id;longitude;latitude;request_node;service_time_min;cluster;type;arrival_time
1;16.4371334;48.1793636;15824;0;3;Depot;0
2;16.3389235;48.2536023;12138;22.59;3;Scheduled;0
3;16.3760482;48.1839801;10936;31.26;3;Scheduled;0
4;16.4472271;48.206604;2254;34.72;3;Scheduled;0
5;16.2970579;48.1437345;6858;23.58;3;Scheduled;0
6;16.4625429;48.2433252;13176;33.91;1;Scheduled;0
7;16.354337;48.2305485;1832;34.87;3;Scheduled;0
8;16.3872213;48.1930981;3796;20.64;3;Scheduled;0
9;16.3311692;48.1915548;13533;24.77;2;Scheduled;0
10;16.4243684;48.2459086;7238;32.96;1;Scheduled;0
11;16.2495471;48.2144965;1526;27.05;3;Scheduled;0
12;16.3865328;48.194975;15762;34.49;3;Scheduled;0
13;16.3915419;48.2113848;4482;24.51;3;Scheduled;0
14;16.3752207;48.2003333;3877;21.3;3;Scheduled;0
15;16.2675426;48.1879346;825;32.34;3;Scheduled;0
16;16.3655755;48.2467432;13230;30.88;3;Scheduled;0
17;16.291986;48.1658331;9012;22.16;3;Scheduled;0
18;16.3486708;48.138177;9035;27.27;3;Scheduled;0
19;16.2773099;48.2010451;3599;30.67;3;Scheduled;0
20;16.3368428;48.1942093;6041;21.38;2;Scheduled;0
21;16.5224519;48.212204;9188;32.24;3;Scheduled;0
22;16.4332118;48.2514805;14463;23.34;1;Scheduled;0
23;16.4432392;48.2340148;13850;32.58;1;Scheduled;0
24;16.4278829;48.250683;14792;22.35;1;Scheduled;0
25;16.522462;48.2338943;9173;29.74;3;Scheduled;0
26;16.2874785;48.168866;15067;31.35;3;Scheduled;0
27;16.4304257;48.3022452;12282;25.47;3;Scheduled;0
28;16.3592903;48.2184532;14153;33.97;3;Scheduled;0
29;16.4160637;48.2999435;9300;24.42;3;Scheduled;0
30;16.3573443;48.2074172;13433;25.19;3;Scheduled;0
31;16.3752976;48.2494937;12761;26.41;3;Scheduled;0
32;16.3752338;48.1975643;3890;29.19;3;Scheduled;0
33;16.3309683;48.2233015;1648;27.15;3;Scheduled;0
34;16.3552954;48.1844088;2041;30.03;3;Scheduled;0
35;16.3001086;48.1970493;949;20.35;2;Scheduled;0
36;16.3627463;48.2194294;15543;21.94;3;Scheduled;0
37;16.412053;48.173702;6235;33.08;3;Scheduled;0
38;16.4525617;48.2055107;6412;30.57;3;Scheduled;0
39;16.4102084;48.1700944;9678;31.26;3;Scheduled;0
40;16.3972388;48.1536281;9622;27.74;3;Scheduled;0
41;16.4494396;48.2598309;4330;28.74;1;Scheduled;0
42;16.3559719;48.1801633;15413;22.77;3;Scheduled;0
43;16.3341981;48.2307016;5037;27.15;3;Scheduled;0
44;16.4776923;48.2090324;2193;23.94;3;Scheduled;0
45;16.3046316;48.2325686;11727;32.21;3;Scheduled;0
46;16.3493151;48.2299392;3263;31.31;3;Scheduled;0
47;16.4207177;48.2343625;664;26.14;1;Scheduled;0
48;16.3880249;48.2082087;4489;27.37;3;Scheduled;0
49;16.3062124;48.2088618;2857;20.37;2;Scheduled;0
50;16.4076235;48.1407662;8703;24.85;3;Scheduled;0
51;16.5440044;48.2122971;8819;23.38;3;Scheduled;0
52;16.4359625;48.2368372;4343;21.65;1;Scheduled;0
53;16.3769443;48.2100813;11271;33.5;3;Scheduled;0
54;16.3437709;48.2160559;14803;20.26;3;Scheduled;0
55;16.4133214;48.2325676;11995;22.55;1;Scheduled;0
56;16.4278807;48.2472767;8595;26.64;1;Scheduled;0
57;16.3654881;48.2171758;364;34.21;3;Scheduled;0
58;16.2827508;48.195297;490;23.56;2;Scheduled;0
59;16.3682287;48.2442366;12903;34.93;3;Scheduled;0
60;16.5350384;48.259622;8939;31.99;3;Scheduled;0
61;16.3419359;48.2526573;8124;28.33;3;Scheduled;0
62;16.4097376;48.2525574;11386;32.15;1;Scheduled;0
63;16.4322658;48.1701029;7630;21.33;3;Scheduled;0
64;16.526985;48.2307917;15685;22.34;3;Scheduled;0
65;16.3751151;48.2309853;15508;31.82;3;Scheduled;0
66;16.403024;48.3035742;9306;21.25;3;Scheduled;0
67;16.3839743;48.162368;9058;20.9;3;Scheduled;0
68;16.479058;48.234772;10311;34.03;3;Scheduled;0
69;16.2967007;48.2382103;11826;30.18;3;Scheduled;0
70;16.449788;48.2313161;5041;22.31;1;Scheduled;0
71;16.3793199;48.1696384;5199;27.81;3;Scheduled;0
72;16.2185703;48.1239581;14243;20.44;3;Scheduled;0
73;16.4925838;48.2613827;10247;26.3;3;Scheduled;0
74;16.3176933;48.1615322;5600;32.51;3;Scheduled;0
75;16.3668157;48.2159336;1489;33.19;3;Scheduled;0
76;16.2940389;48.2349245;11083;23.06;3;Scheduled;0
77;16.3408749;48.2158223;2557;32.18;3;Scheduled;0
78;16.4655256;48.2035214;13115;34.91;3;Scheduled;0
79;16.4237122;48.2869972;12668;21.41;3;Scheduled;0
80;16.4445936;48.2351459;4349;27.73;1;OnDemand;28.93
81;16.4455391;48.256078;4322;20.75;1;OnDemand;29.79
82;16.3384701;48.1887244;13227;21.86;2;OnDemand;36.31
83;16.4208693;48.234233;663;32.83;1;OnDemand;44.74
84;16.468807;48.2516042;5059;24.42;1;OnDemand;49.19
85;16.4265004;48.2417794;5077;29.21;1;OnDemand;59.33
86;16.326467;48.170278;13300;21.71;2;OnDemand;73.57
87;16.349289;48.1807625;13696;25.17;2;OnDemand;82.04
88;16.4298728;48.2484487;15698;22.61;1;OnDemand;92.17
89;16.4757505;48.2591804;13072;33.4;1;OnDemand;116.98
90;16.4253546;48.2275761;14309;20.91;1;OnDemand;125.3
91;16.4277578;48.2484517;7840;21.29;1;OnDemand;140.25
92;16.435379;48.2591717;4464;34.17;1;OnDemand;207.11
93;16.4311666;48.2438917;1802;21.12;1;OnDemand;207.83
94;16.4216268;48.2361111;11935;29.52;1;OnDemand;212.04
95;16.3299769;48.203845;2825;33.67;2;OnDemand;243.03
96;16.2842232;48.2037994;906;26.37;2;OnDemand;244.81
97;16.3218663;48.2071616;2385;20.36;2;OnDemand;259.91
98;16.3389863;48.1761694;14582;23.84;2;OnDemand;298.18
99;16.3274724;48.1912906;14776;21.61;2;OnDemand;310.17
100;16.3251628;48.2125026;14409;21.92;2;OnDemand;330.11
101;16.3389668;48.1900604;3690;26.88;2;OnDemand;331.51
102;16.3134172;48.2043082;1176;24.18;2;OnDemand;345.77
103;16.3269769;48.1722528;14940;31.52;2;OnDemand;373.75
104;16.3111718;48.1666404;5594;28.6;2;OnDemand;374.44
