id;longitude;latitude;request_node;service_time_min;cluster;type;arrival_time
1;16.4371334;48.1793636;15824;0;3;Depot;0
2;16.3083212;48.2233666;8003;23.94;3;Scheduled;0
3;16.369448;48.2235657;4774;22.48;3;Scheduled;0
4;16.29052;48.2125488;10368;24.83;2;Scheduled;0
5;16.3195395;48.1560293;13217;27.65;3;Scheduled;0
6;16.2771417;48.1542445;9724;33.86;3;Scheduled;0
7;16.3898564;48.1432395;12758;27.66;3;Scheduled;0
8;16.2731241;48.1879173;10538;23.86;3;Scheduled;0
9;16.4047518;48.1846417;8461;20.7;3;Scheduled;0
10;16.3974802;48.138088;4049;26.27;3;Scheduled;0
11;16.3778727;48.213534;13498;32.81;3;Scheduled;0
12;16.335199;48.2471619;11570;25.21;3;Scheduled;0
13;16.5234499;48.214644;12256;21.97;3;Scheduled;0
14;16.3286983;48.1385561;8788;25.62;3;Scheduled;0
15;16.3381316;48.2085805;1300;29.47;2;Scheduled;0
16;16.3530939;48.2519371;14261;25.85;3;Scheduled;0
17;16.3508677;48.1346426;15853;30.34;3;Scheduled;0
18;16.3835525;48.207399;8521;30.34;3;Scheduled;0
19;16.3776526;48.1981238;1798;28.32;3;Scheduled;0
20;16.3199041;48.1543411;12104;26.44;3;Scheduled;0
21;16.3377833;48.1520489;13902;26.79;3;Scheduled;0
22;16.3506555;48.1976346;9940;24.6;2;Scheduled;0
23;16.5363225;48.2586376;8228;28.68;3;Scheduled;0
24;16.37654;48.2872829;1128;33.66;3;Scheduled;0
25;16.4875304;48.2236388;8920;22.14;3;Scheduled;0
26;16.3166329;48.1657007;877;26.23;2;Scheduled;0
27;16.4095373;48.1592177;8676;23.16;3;Scheduled;0
28;16.3427475;48.230516;7844;26.43;3;Scheduled;0
29;16.4206226;48.3022376;5921;21.99;3;Scheduled;0
30;16.2735734;48.1662936;15209;26.9;3;Scheduled;0
31;16.4126956;48.280174;6525;34.14;3;Scheduled;0
32;16.4591062;48.2435793;15960;31.43;1;Scheduled;0
33;16.2946815;48.2348184;12203;33.99;3;Scheduled;0
34;16.4439597;48.2150632;5070;27.06;3;Scheduled;0
35;16.2897255;48.150328;11040;29.05;3;Scheduled;0
36;16.3101655;48.2147816;2899;27.27;2;Scheduled;0
37;16.5234826;48.2060545;7074;21.63;3;Scheduled;0
38;16.2212772;48.2072427;14661;23.72;3;Scheduled;0
39;16.3364307;48.1773084;10569;27.48;2;Scheduled;0
40;16.3691095;48.1759223;4649;25.59;3;Scheduled;0
41;16.2751889;48.154487;9637;34.02;3;Scheduled;0
42;16.4812858;48.2172117;2158;27.86;3;Scheduled;0
43;16.3738399;48.1846421;3475;24.76;3;Scheduled;0
44;16.3669;48.2001445;1947;24.17;3;Scheduled;0
45;16.3269092;48.2165143;2579;31.81;2;Scheduled;0
46;16.2447059;48.217838;1529;30.54;3;Scheduled;0
47;16.3256252;48.1909101;14891;22.48;2;Scheduled;0
48;16.3593165;48.2172429;15224;20.97;3;Scheduled;0
49;16.5207971;48.2110129;12630;31.32;3;Scheduled;0
50;16.434294;48.2529402;14917;29.31;1;Scheduled;0
51;16.4193419;48.2832468;7288;22.54;3;Scheduled;0
52;16.3048165;48.2123773;1134;20.93;2;OnDemand;0.88
53;16.3102797;48.2137126;2882;21.64;2;OnDemand;10
54;16.3383533;48.177382;15488;25.73;2;OnDemand;12.92
55;16.2832481;48.1844584;3026;22.54;2;OnDemand;21.76
56;16.3316716;48.1964612;2729;24.48;2;OnDemand;22.5
57;16.4367914;48.2592096;4469;22.88;1;OnDemand;25.91
58;16.2994604;48.1925091;2788;23.86;2;OnDemand;42.7
59;16.3002938;48.172131;9750;22.72;2;OnDemand;69.88
60;16.3300013;48.17391;6332;27.16;2;OnDemand;74.17
61;16.2869995;48.2086948;1042;31.56;2;OnDemand;76.07
62;16.4523929;48.2487411;14797;20.42;1;OnDemand;78.38
63;16.2989533;48.189136;2794;27.91;2;OnDemand;95.94
64;16.4479661;48.2646427;13251;33.2;1;OnDemand;101.04
65;16.3434316;48.1915825;10770;25.6;2;OnDemand;104.7
66;16.3074505;48.2021313;1154;20.72;2;OnDemand;106.72
67;16.3334845;48.1929135;14767;22.08;2;OnDemand;138.12
68;16.427724;48.2398183;11946;24.82;1;OnDemand;142.87
69;16.3315881;48.1931779;1914;22.32;2;OnDemand;153.43
70;16.3130869;48.2026022;1177;21.98;2;OnDemand;162.02
71;16.4673137;48.2473104;13111;23.32;1;OnDemand;163.62
72;16.4087417;48.2547957;13622;23.4;1;OnDemand;169.63
73;16.3389968;48.1897937;13281;21.97;2;OnDemand;176.82
74;16.3331449;48.1880469;14515;34.72;2;OnDemand;185.47
75;16.464288;48.2307661;5479;24.91;1;OnDemand;192.39
76;16.4386927;48.2576225;13503;27.6;1;OnDemand;198.34
77;16.442339;48.2341939;7391;30.22;1;OnDemand;200.64
78;16.3261491;48.210463;2398;21.49;2;OnDemand;202.25
79;16.4491715;48.2556169;10003;21.78;1;OnDemand;219.05
80;16.4167244;48.2309491;13473;20.76;1;OnDemand;224.13
81;16.4377885;48.2395439;11637;33.94;1;OnDemand;226.86
82;16.3107262;48.218528;14091;30.11;2;OnDemand;245.81
83;16.2984104;48.1856456;11103;21.42;2;OnDemand;263.67
84;16.3247731;48.209328;105;27.39;2;OnDemand;267.1
85;16.4804722;48.246661;5666;26.92;1;OnDemand;282.53
86;16.4208607;48.2566754;13606;25.63;1;OnDemand;286.56
87;16.4250494;48.2356073;15619;34.87;1;OnDemand;297.91
88;16.4588305;48.2415518;10854;22.65;1;OnDemand;299.7
89;16.4493256;48.248632;5051;32.2;1;OnDemand;317.31
90;16.2941422;48.2078215;1129;21.03;2;OnDemand;328.14
91;16.4087417;48.2547957;13622;26.01;1;OnDemand;338.6
92;16.3372277;48.1808627;15798;22.12;2;OnDemand;360.63
93;16.3391096;48.1845828;10342;22.9;2;OnDemand;361.61
94;16.4793452;48.2505966;5670;32.62;1;OnDemand;374.44
95;16.3339518;48.1773856;11708;30.8;2;OnDemand;380.55
96;16.3359059;48.2026086;2878;24.01;2;OnDemand;387.51
