id;longitude;latitude;request_node;service_time_min;cluster;type;arrival_time
1;16.4371334;48.1793636;15824;0;3;Depot;0
2;16.3389235;48.2536023;12138;26.8;3;Scheduled;0
3;16.3760482;48.1839801;10936;21.18;3;Scheduled;0
4;16.4472271;48.206604;2254;20.37;3;Scheduled;0
5;16.2970579;48.1437345;6858;25.21;3;Scheduled;0
6;16.4625429;48.2433252;13176;33.66;1;Scheduled;0
7;16.354337;48.2305485;1832;32.42;3;Scheduled;0
8;16.3872213;48.1930981;3796;22.41;3;Scheduled;0
9;16.3311692;48.1915548;13533;31.61;2;Scheduled;0
10;16.4243684;48.2459086;7238;22.86;1;Scheduled;0
11;16.2495471;48.2144965;1526;24.54;3;Scheduled;0
12;16.3865328;48.194975;15762;34.67;3;Scheduled;0
13;16.3915419;48.2113848;4482;31.86;3;Scheduled;0
14;16.3752207;48.2003333;3877;20.43;3;Scheduled;0
15;16.2675426;48.1879346;825;24.04;3;Scheduled;0
16;16.3655755;48.2467432;13230;32.68;3;Scheduled;0
17;16.291986;48.1658331;9012;33.38;3;Scheduled;0
18;16.3486708;48.138177;9035;23.1;3;Scheduled;0
19;16.2773099;48.2010451;3599;25.51;3;Scheduled;0
20;16.3368428;48.1942093;6041;30.03;2;Scheduled;0
21;16.5224519;48.212204;9188;33.26;3;Scheduled;0
22;16.4332118;48.2514805;14463;27.37;1;Scheduled;0
23;16.4432392;48.2340148;13850;24.93;1;Scheduled;0
24;16.4278829;48.250683;14792;20.59;1;Scheduled;0
25;16.522462;48.2338943;9173;28.61;3;Scheduled;0
26;16.2874785;48.168866;15067;20.93;3;Scheduled;0
27;16.4304257;48.3022452;12282;20.07;3;Scheduled;0
28;16.4752336;48.257051;13880;31.6;1;OnDemand;17.32
29;16.4139085;48.1950162;5862;34.81;3;OnDemand;19.12
30;16.3504166;48.1945967;2116;23.97;2;OnDemand;22.85
31;16.5443062;48.2193591;8811;28.06;3;OnDemand;25.68
32;16.2575013;48.147985;6355;20.68;3;OnDemand;27.18
33;16.4044819;48.2440183;4371;34.22;1;OnDemand;41.95
34;16.4387041;48.2002374;1373;26.68;3;OnDemand;42.35
35;16.4432521;48.2322089;7392;24.57;1;OnDemand;45.06
36;16.5088364;48.2242684;14865;31.37;3;OnDemand;65.87
37;16.4472297;48.2274888;7119;23.82;1;OnDemand;67.52
38;16.3095215;48.2011622;1217;20.39;2;OnDemand;68.34
39;16.345883;48.2859376;15029;27.26;3;OnDemand;79.58
40;16.4046047;48.2448947;14566;34.69;1;OnDemand;92.02
41;16.4435525;48.2336889;4123;26.79;1;OnDemand;106.91
42;16.4303625;48.2511907;13872;22.12;1;OnDemand;113.97
43;16.3538996;48.1966647;3924;27.38;2;OnDemand;114.1
44;16.441812;48.2336312;7390;27.2;1;OnDemand;120.83
45;16.3919986;48.2107929;6175;24.7;3;OnDemand;136.49
46;16.4455391;48.256078;4322;25.12;1;OnDemand;136.78
47;16.4388702;48.2374415;4347;21.12;1;OnDemand;138.97
48;16.3200528;48.1579323;8013;23.59;3;OnDemand;140.13
49;16.2787909;48.1579645;6825;28.36;3;OnDemand;149.58
50;16.2812963;48.1940243;44;25.74;2;OnDemand;153.15
51;16.2556287;48.204032;15395;21.63;3;OnDemand;160.28
52;16.3544496;48.23006;14710;22.1;3;OnDemand;170.75
53;16.2712324;48.1766656;3175;20.6;3;OnDemand;174.85
54;16.4304784;48.1715964;6382;27.07;3;OnDemand;175.94
55;16.3631965;48.2097084;2711;27.29;3;OnDemand;177.9
56;16.2418709;48.1375944;12363;33.17;3;OnDemand;181.5
57;16.3450224;48.200371;10800;29.45;2;OnDemand;182.65
58;16.2961459;48.1868581;11875;24.35;2;OnDemand;182.89
59;16.4216268;48.2361111;11935;34.13;1;OnDemand;184.3
60;16.3752376;48.2226209;10246;27.62;3;OnDemand;185.39
61;16.3520556;48.1898456;11944;22.14;2;OnDemand;188.08
62;16.3218663;48.2071616;2385;26.71;2;OnDemand;193.13
63;16.3861635;48.1779295;13932;32.3;3;OnDemand;205.96
64;16.438993;48.1923009;1694;21.13;3;OnDemand;211.74
65;16.4717313;48.1963349;9825;24.14;3;OnDemand;221.8
66;16.3134172;48.2043082;1176;21.59;2;OnDemand;226.59
67;16.3269769;48.1722528;14940;34.78;2;OnDemand;235.96
68;16.4526092;48.2297971;7971;30.33;1;OnDemand;249.33
69;16.4135634;48.2572756;13826;23.71;1;OnDemand;257.08
70;16.4715427;48.2438251;9982;24.89;1;OnDemand;259.22
71;16.4128559;48.2595807;4119;31.6;1;OnDemand;278.15
72;16.3327504;48.1801967;5341;33.66;2;OnDemand;287.82
73;16.404665;48.2575149;15372;32.53;1;OnDemand;291.53
74;16.4284576;48.2404223;5076;34.26;1;OnDemand;292.93
75;16.4581845;48.2263343;2299;21.55;1;OnDemand;298.79
76;16.4403545;48.2499454;12264;28.76;1;OnDemand;301.16
77;16.2766958;48.164608;9904;25.86;3;OnDemand;304.77
78;16.4641525;48.2268516;5475;23.24;1;OnDemand;316.25
79;16.4374041;48.2435844;2145;26.37;1;OnDemand;320.31
80;16.2890486;48.1419958;15922;31.44;3;OnDemand;323.93
81;16.2775555;48.1901288;206;25.26;2;OnDemand;331.76
82;16.4216313;48.2133764;2957;27.57;3;OnDemand;333.94
83;16.31661;48.2079641;6220;31.56;2;OnDemand;334.04
84;16.3150199;48.1711559;875;25.53;2;OnDemand;350.52
85;16.3220096;48.1833903;7151;21.82;2;OnDemand;351.46
86;16.4430093;48.2542116;12486;32.72;1;OnDemand;361.5
87;16.4739735;48.2662173;13389;31.22;1;OnDemand;370.83
88;16.4217414;48.2288641;662;23.94;1;OnDemand;374.88
89;16.3523357;48.188978;12177;29.64;2;OnDemand;375.95
90;16.4044412;48.2509023;7246;24.97;1;OnDemand;376.39
91;16.4239842;48.2089019;13967;24.55;3;OnDemand;379.47
92;16.3153635;48.1990601;944;27.08;2;OnDemand;380.11
93;16.3262157;48.1908184;3606;30.11;2;OnDemand;381.93
94;16.3697584;48.2766121;9950;26.38;3;OnDemand;389.43
