id;longitude;latitude;request_node;service_time_min;cluster;type;arrival_time
1;16.4371334;48.1793636;15824;0;3;Depot;0
2;16.3492475;48.2260964;586;27.04;3;Scheduled;0
3;16.3341795;48.2011558;2866;22.68;2;Scheduled;0
4;16.4114637;48.1788774;1794;22.28;3;Scheduled;0
5;16.4418009;48.2803137;4166;23.74;3;Scheduled;0
6;16.3897462;48.2175578;683;32.35;3;Scheduled;0
7;16.3677793;48.2022641;14706;20.39;3;Scheduled;0
8;16.4522819;48.2345906;10229;21.66;1;Scheduled;0
9;16.3645305;48.2664005;13044;28.22;3;Scheduled;0
10;16.3886766;48.2068659;4793;20.35;3;Scheduled;0
11;16.2339968;48.2018906;306;33.46;3;Scheduled;0
12;16.5325727;48.2491756;2359;33.87;3;Scheduled;0
13;16.3929186;48.2582852;6557;22.04;3;Scheduled;0
14;16.4734302;48.2182875;13373;32.75;3;Scheduled;0
15;16.4703083;48.2237604;10853;30.04;3;Scheduled;0
16;16.2074912;48.2027922;13441;22.66;3;Scheduled;0
17;16.4569181;48.2271262;10171;30.97;1;OnDemand;3.91
18;16.44474;48.2440977;7126;24.23;1;OnDemand;6
19;16.4523929;48.2487411;14797;27.61;1;OnDemand;8.05
20;16.4430093;48.2542116;12486;25.03;1;OnDemand;10.4
21;16.4343503;48.2577718;4473;21.61;1;OnDemand;13.71
22;16.3163953;48.2001575;13548;25.4;2;OnDemand;15.63
23;16.439601;48.2720229;12278;24.61;1;OnDemand;15.65
24;16.4040721;48.2504447;5026;20.2;1;OnDemand;16.28
25;16.4476882;48.2516963;13747;33.59;1;OnDemand;20.28
26;16.4099046;48.2429127;12467;27.28;1;OnDemand;24.55
27;16.4281368;48.2669784;6528;31.8;1;OnDemand;26.25
28;16.3254857;48.2045379;2810;31.73;2;OnDemand;30.49
29;16.4422162;48.2531655;7499;30.29;1;OnDemand;36.47
30;16.4379716;48.2496786;7214;25.31;1;OnDemand;39.56
31;16.3207849;48.2073268;2384;34.87;2;OnDemand;44.66
32;16.4238171;48.2632184;7198;22;1;OnDemand;46.3
33;16.3269394;48.1867674;1582;25.84;2;OnDemand;49.95
34;16.3363267;48.1903345;575;26.44;2;OnDemand;50.89
35;16.3327599;48.2081087;14446;28.68;2;OnDemand;54.74
36;16.472205;48.2417144;9734;28.91;1;OnDemand;61.98
37;16.336894;48.1992768;2861;31.87;2;OnDemand;70.22
38;16.2823239;48.2073217;225;22.85;2;OnDemand;72.63
39;16.3372717;48.1902405;3641;26.77;2;OnDemand;77.15
40;16.3333474;48.1927734;14759;24.58;2;OnDemand;80.91
41;16.3536369;48.1919547;760;32.65;2;OnDemand;81.88
42;16.4522819;48.2345906;10229;22.04;1;OnDemand;85.32
43;16.3144451;48.1748688;15745;30.46;2;OnDemand;90.48
44;16.3241926;48.1794445;5336;34.66;2;OnDemand;91.55
45;16.2937615;48.2068609;995;26.14;2;OnDemand;93.78
46;16.3320628;48.1918479;14771;22.37;2;OnDemand;94.01
47;16.3291521;48.2006405;2845;26.5;2;OnDemand;100.05
48;16.3247043;48.2123914;12214;29.08;2;OnDemand;104.07
49;16.4539828;48.247647;11959;20.1;1;OnDemand;106.57
50;16.3275664;48.1910313;13504;26.06;2;OnDemand;107.22
51;16.3390104;48.1983967;60;24.11;2;OnDemand;113.87
52;16.4424978;48.2304456;11640;33.06;1;OnDemand;116.45
53;16.4338562;48.2651156;4132;27.69;1;OnDemand;125.63
54;16.2852426;48.1987918;418;26.25;2;OnDemand;128.27
55;16.457297;48.2399054;12685;33.35;1;OnDemand;130.09
56;16.3404555;48.2110004;14857;22.75;2;OnDemand;132.9
57;16.436439;48.274013;4436;23.63;1;OnDemand;138.75
58;16.3200995;48.1854704;10127;20.91;2;OnDemand;140.79
59;16.4191134;48.2614083;6461;20.99;1;OnDemand;142.46
60;16.3278515;48.2088582;12975;23;2;OnDemand;142.69
61;16.3040767;48.1882276;13589;26.16;2;OnDemand;143.2
62;16.4445936;48.2351459;4349;31.83;1;OnDemand;146.15
63;16.2937498;48.1950516;445;27.45;2;OnDemand;146.58
64;16.3157248;48.2127996;2901;24.17;2;OnDemand;147.44
65;16.3397116;48.1715461;10193;21.04;2;OnDemand;147.77
66;16.4524271;48.2458996;15835;22.65;1;OnDemand;150.35
67;16.328507;48.1996148;2731;20.48;2;OnDemand;154.72
68;16.4509699;48.2437326;10855;33.36;1;OnDemand;162.2
69;16.4176632;48.2555882;12472;22.98;1;OnDemand;163.23
70;16.4658365;48.2482008;13162;28.86;1;OnDemand;163.54
71;16.4521483;48.2418665;10175;33.43;1;OnDemand;165.43
72;16.2889669;48.1818977;3058;34.18;2;OnDemand;167.51
73;16.4149899;48.2325283;6317;21.33;1;OnDemand;167.64
74;16.4330098;48.2656709;4416;33.42;1;OnDemand;170.73
75;16.4716983;48.2575064;9975;29.4;1;OnDemand;171.33
76;16.3411229;48.1905532;3644;20.24;2;OnDemand;175.93
77;16.2960915;48.2006581;14121;28.21;2;OnDemand;177.82
78;16.439578;48.2301091;7394;20.45;1;OnDemand;183.57
79;16.3530068;48.1891583;3739;31.13;2;OnDemand;186.28
80;16.4325554;48.2362184;4335;31.98;1;OnDemand;187.12
81;16.3045624;48.1898081;1247;31.28;2;OnDemand;188.52
82;16.2932012;48.173404;12124;22.47;2;OnDemand;188.69
83;16.3414074;48.2093346;10451;34.91;2;OnDemand;194.3
84;16.3220096;48.1833903;7151;20.89;2;OnDemand;194.62
85;16.2934883;48.1964271;443;29.28;2;OnDemand;197.77
86;16.4548445;48.259866;7490;20.57;1;OnDemand;204.38
87;16.4303625;48.2511907;13872;23.8;1;OnDemand;208.68
88;16.2995761;48.1945361;842;28.42;2;OnDemand;208.75
89;16.4072802;48.2453793;12474;27.88;1;OnDemand;214.34
90;16.4580978;48.2317894;13099;34.41;1;OnDemand;216.31
91;16.4725419;48.2565189;13108;21.76;1;OnDemand;224.14
92;16.4666444;48.2480675;13110;32.6;1;OnDemand;229.88
93;16.3452065;48.2071941;2078;25.06;2;OnDemand;229.91
94;16.338667;48.2115728;71;25.91;2;OnDemand;231.14
95;16.32349;48.1919079;2766;23.41;2;OnDemand;234.43
96;16.4572392;48.2307273;10036;31.83;1;OnDemand;239.74
97;16.2981242;48.1749972;15478;26.75;2;OnDemand;240.47
98;16.350701;48.2001259;61;25.71;2;OnDemand;251.8
99;16.4046417;48.2574132;15373;22.31;1;OnDemand;252.97
100;16.4515466;48.2446577;7413;20.01;1;OnDemand;258.85
101;16.3281779;48.201833;2840;20.03;2;OnDemand;260.39
102;16.4610869;48.2457388;7410;31.12;1;OnDemand;263.52
103;16.3367537;48.2041797;67;34.02;2;OnDemand;264.79
104;16.3078813;48.1896482;1248;31.06;2;OnDemand;265.04
105;16.3549169;48.1935957;3906;33.88;2;OnDemand;268.73
106;16.3145987;48.2011948;13553;22.29;2;OnDemand;270.93
107;16.4346377;48.2416571;2188;30.4;1;OnDemand;271.74
108;16.3260587;48.1920498;2768;20.3;2;OnDemand;272.55
109;16.4303625;48.2511907;13872;23.37;1;OnDemand;273.73
110;16.3344789;48.1937512;7580;23.9;2;OnDemand;274.6
111;16.341276;48.1979191;2072;28.98;2;OnDemand;284.18
112;16.3470272;48.199126;10580;25.2;2;OnDemand;284.31
113;16.3262565;48.2077626;110;25.64;2;OnDemand;285.05
114;16.3548588;48.1906037;762;33.88;2;OnDemand;286.36
115;16.3414074;48.2093346;10451;28.11;2;OnDemand;288.03
116;16.4346377;48.2416571;2188;27.26;1;OnDemand;288.2
117;16.3018287;48.1738131;13570;26.24;2;OnDemand;289.35
118;16.3370263;48.1810022;15793;26.61;2;OnDemand;292.61
119;16.324382;48.1872586;14233;29.1;2;OnDemand;295.48
120;16.4317626;48.243757;15735;34.9;1;OnDemand;299.29
121;16.3321271;48.1715216;10079;25.69;2;OnDemand;300.22
122;16.3337179;48.1846466;344;29.61;2;OnDemand;308.51
123;16.3358293;48.1754171;13824;32.2;2;OnDemand;318.53
124;16.4424147;48.2359729;11636;30.3;1;OnDemand;319.56
125;16.2819123;48.1874074;14241;29.77;2;OnDemand;321.05
126;16.3144451;48.1748688;15745;22.48;2;OnDemand;327.78
127;16.3088942;48.2130995;6930;20.17;2;OnDemand;336.36
128;16.4094185;48.2521072;7371;31.29;1;OnDemand;336.36
129;16.4431871;48.2232708;5073;24.37;1;OnDemand;341.03
130;16.3059158;48.1987926;13833;26.58;2;OnDemand;342.67
131;16.3133787;48.1713322;6337;29.44;2;OnDemand;349.37
132;16.4361049;48.2723994;4434;25.62;1;OnDemand;358.31
133;16.4432521;48.2322089;7392;24.12;1;OnDemand;358.61
134;16.4229471;48.2528466;15548;21.9;1;OnDemand;360.13
135;16.4410141;48.2339574;12406;21.55;1;OnDemand;361.97
136;16.4279286;48.2520038;1814;24.65;1;OnDemand;368.28
137;16.3017764;48.1861409;1651;31.66;2;OnDemand;376.34
138;16.4368328;48.2616086;5636;22.14;1;OnDemand;382.69
139;16.3500642;48.1919341;3707;32;2;OnDemand;384.8
140;16.3100369;48.1917131;1244;27.22;2;OnDemand;389.05
141;16.4429868;48.2446405;12525;28.44;1;OnDemand;391.38
142;16.4136181;48.2369877;671;20.32;1;OnDemand;391.98
