id;longitude;latitude;request_node;service_time_min;cluster;type;arrival_time
1;16.4371334;48.1793636;15824;0;3;Depot;0
2;16.3743185;48.1891707;3769;22.71;3;Scheduled;0
3;16.5405941;48.2146101;8843;31.8;3;Scheduled;0
4;16.3621347;48.201073;5094;28.21;3;Scheduled;0
5;16.3215563;48.1626891;6691;27.46;3;Scheduled;0
6;16.2746377;48.1643979;6841;21.63;3;Scheduled;0
7;16.2513883;48.218416;8167;28.8;3;Scheduled;0
8;16.3158267;48.2140857;2922;33.46;2;Scheduled;0
9;16.4352745;48.2527037;5086;22.82;1;Scheduled;0
10;16.3568228;48.172509;8583;27.95;3;Scheduled;0
11;16.2551471;48.1996727;787;30.05;3;Scheduled;0
12;16.3387871;48.2370753;329;31.74;3;Scheduled;0
13;16.4629495;48.2115349;2230;22.82;3;Scheduled;0
14;16.3742396;48.1863705;3751;28.5;3;Scheduled;0
15;16.2742534;48.1441861;7727;22.95;3;Scheduled;0
16;16.3695598;48.1736437;5223;24.61;3;Scheduled;0
17;16.444603;48.2722174;7303;22.42;1;Scheduled;0
18;16.3755199;48.2452199;13348;21.47;3;Scheduled;0
19;16.2833821;48.1487295;9665;23.86;3;Scheduled;0
20;16.3662523;48.1984692;1948;25.12;3;Scheduled;0
21;16.3969362;48.1862033;14955;32.81;3;Scheduled;0
22;16.2679742;48.205707;1004;21.86;3;Scheduled;0
23;16.464437;48.1554052;8452;25.22;3;Scheduled;0
24;16.4595743;48.2087692;6119;24.86;3;Scheduled;0
25;16.3814052;48.235203;15524;27.08;3;Scheduled;0
26;16.3655392;48.2099586;2696;32.77;3;Scheduled;0
27;16.3991661;48.1994543;6536;24.83;3;Scheduled;0
28;16.3694024;48.2180432;10495;28.37;3;Scheduled;0
29;16.3762372;48.2027173;3959;30.59;3;Scheduled;0
30;16.3142082;48.1884421;373;25.86;2;Scheduled;0
31;16.3982924;48.1898578;8465;32.36;3;Scheduled;0
32;16.385643;48.1413426;8079;33.6;3;Scheduled;0
33;16.3338961;48.2811337;11160;26.26;3;Scheduled;0
34;16.3518535;48.2190074;13323;24.19;3;Scheduled;0
35;16.2575474;48.1963929;551;30.97;3;Scheduled;0
36;16.4497962;48.2684647;5653;32.91;1;Scheduled;0
37;16.379006;48.2705685;9147;25.14;3;Scheduled;0
38;16.5019341;48.2544503;13234;27.39;3;Scheduled;0
39;16.3866139;48.1698852;5189;32.81;3;Scheduled;0
40;16.2746313;48.158547;13607;25.81;3;Scheduled;0
41;16.3383508;48.2001368;2062;30.9;2;Scheduled;0
42;16.3263773;48.2051486;2377;30.26;2;Scheduled;0
43;16.303968;48.2144948;11338;32.68;2;Scheduled;0
44;16.37275;48.1741345;4636;20.49;3;Scheduled;0
45;16.4141221;48.2318625;11094;30.93;1;Scheduled;0
46;16.3074505;48.2021313;1154;27.15;2;Scheduled;0
47;16.2761591;48.1759642;3133;28.73;3;Scheduled;0
48;16.2882772;48.138219;6782;23.11;3;Scheduled;0
49;16.3775832;48.220943;4196;20.43;3;Scheduled;0
50;16.364018;48.2178142;3318;34.6;3;Scheduled;0
51;16.345883;48.2859376;15029;23.71;3;Scheduled;0
52;16.3685073;48.1864612;13959;21.8;3;Scheduled;0
53;16.2456469;48.2179282;8329;30.27;3;Scheduled;0
54;16.2489992;48.2188434;15939;31.01;3;Scheduled;0
55;16.3922793;48.2061696;6176;24.83;3;Scheduled;0
56;16.3345693;48.2163472;10514;32.16;3;Scheduled;0
57;16.3828129;48.2100309;14501;25.85;3;Scheduled;0
58;16.367708;48.2019799;14707;28.94;3;Scheduled;0
59;16.4075725;48.1955964;8376;25.09;3;Scheduled;0
60;16.3636803;48.1924288;1945;30.77;3;Scheduled;0
61;16.4357564;48.2630451;4332;34.21;1;Scheduled;0
62;16.377102;48.1913908;3775;21.22;3;Scheduled;0
63;16.4486849;48.1940504;3462;23.53;3;Scheduled;0
64;16.4976888;48.2838136;16075;25.44;3;Scheduled;0
65;16.3136947;48.1942081;1088;24.88;2;Scheduled;0
66;16.2594122;48.1814025;3592;26.25;3;Scheduled;0
67;16.3191147;48.1996359;1264;27.59;2;Scheduled;0
68;16.355225;48.209235;2664;29.26;3;Scheduled;0
69;16.4834048;48.2024784;7364;28.78;3;Scheduled;0
70;16.4387235;48.2335842;6065;33.49;1;Scheduled;0
71;16.2359567;48.2076041;639;28.62;3;Scheduled;0
72;16.353952;48.1942116;709;24.7;2;Scheduled;0
73;16.4544818;48.2308008;10044;27.2;1;Scheduled;0
74;16.3302842;48.1627627;14174;28.93;3;Scheduled;0
75;16.2917731;48.2046897;999;21.01;2;Scheduled;0
76;16.3515756;48.2306766;3242;31.02;3;Scheduled;0
77;16.3452518;48.1453009;10729;29.65;3;Scheduled;0
78;16.3758246;48.2104291;10787;21.01;3;Scheduled;0
79;16.3193353;48.2062131;2381;30.46;2;Scheduled;0
80;16.4362576;48.2556934;4471;25.24;1;OnDemand;17.71
81;16.3058609;48.2044903;1159;24.71;2;OnDemand;69.51
82;16.4491715;48.2556169;10003;34.73;1;OnDemand;111.84
83;16.3077223;48.1880741;2801;31.25;2;OnDemand;121.37
84;16.4503285;48.2308397;4122;30.57;1;OnDemand;127.9
85;16.328507;48.1996148;2731;23.34;2;OnDemand;147.01
86;16.3260069;48.1747205;5592;23.83;2;OnDemand;162.5
87;16.2971695;48.1778988;8997;29.75;2;OnDemand;163.87
88;16.3300845;48.2008169;1596;29.26;2;OnDemand;165.23
89;16.3021813;48.1765511;9880;23.8;2;OnDemand;206.01
90;16.4664265;48.246612;7408;27.78;1;OnDemand;224.27
91;16.3205503;48.1886179;7019;20.63;2;OnDemand;245.3
92;16.4737043;48.2656929;7421;27.06;1;OnDemand;249.01
93;16.4141221;48.2318625;11094;33.14;1;OnDemand;258.09
94;16.472565;48.2634544;7420;34.25;1;OnDemand;264.41
95;16.3476508;48.1846547;6625;31.34;2;OnDemand;268.61
96;16.4535236;48.2730384;7299;33.9;1;OnDemand;270.34
97;16.3315962;48.2082867;1475;28.35;2;OnDemand;283.21
98;16.3023491;48.2047929;992;29.29;2;OnDemand;302.19
99;16.4492355;48.2484172;5054;33.98;1;OnDemand;307.37
100;16.4169078;48.2310003;14926;30.07;1;OnDemand;322.3
101;16.3559284;48.1914654;3711;20.77;2;OnDemand;324.53
102;16.4188073;48.2617544;10776;22.65;1;OnDemand;327.46
103;16.3198001;48.1848954;29;28.26;2;OnDemand;328.12
104;16.4467721;48.245558;7373;23.02;1;OnDemand;335.62
105;16.4366775;48.2630667;5492;20.12;1;OnDemand;359.37
