id;longitude;latitude;request_node;service_time_min;cluster;type;arrival_time
1;16.4371334;48.1793636;15824;0;3;Depot;0
2;16.3389235;48.2536023;12138;27.37;3;Scheduled;0
3;16.3760482;48.1839801;10936;20.37;3;Scheduled;0
4;16.4472271;48.206604;2254;24.85;3;Scheduled;0
5;16.2970579;48.1437345;6858;23.38;3;Scheduled;0
6;16.4625429;48.2433252;13176;21.65;1;Scheduled;0
7;16.354337;48.2305485;1832;33.5;3;Scheduled;0
8;16.3872213;48.1930981;3796;20.26;3;Scheduled;0
9;16.3311692;48.1915548;13533;22.55;2;Scheduled;0
10;16.4243684;48.2459086;7238;26.64;1;Scheduled;0
11;16.2495471;48.2144965;1526;34.21;3;Scheduled;0
12;16.3865328;48.194975;15762;23.56;3;Scheduled;0
13;16.3915419;48.2113848;4482;34.93;3;Scheduled;0
14;16.3752207;48.2003333;3877;31.99;3;Scheduled;0
15;16.2675426;48.1879346;825;28.33;3;Scheduled;0
16;16.3655755;48.2467432;13230;32.15;3;Scheduled;0
17;16.291986;48.1658331;9012;21.33;3;Scheduled;0
18;16.3486708;48.138177;9035;22.34;3;Scheduled;0
19;16.2773099;48.2010451;3599;31.82;3;Scheduled;0
20;16.3368428;48.1942093;6041;21.25;2;Scheduled;0
21;16.5224519;48.212204;9188;20.9;3;Scheduled;0
22;16.4332118;48.2514805;14463;34.03;1;Scheduled;0
23;16.4432392;48.2340148;13850;30.18;1;Scheduled;0
24;16.4278829;48.250683;14792;22.31;1;Scheduled;0
25;16.522462;48.2338943;9173;27.81;3;Scheduled;0
26;16.2874785;48.168866;15067;20.44;3;Scheduled;0
27;16.4304257;48.3022452;12282;26.3;3;Scheduled;0
28;16.3592903;48.2184532;14153;32.51;3;Scheduled;0
29;16.4160637;48.2999435;9300;33.19;3;Scheduled;0
30;16.3573443;48.2074172;13433;23.06;3;Scheduled;0
31;16.3752976;48.2494937;12761;32.18;3;Scheduled;0
32;16.3752338;48.1975643;3890;34.91;3;Scheduled;0
33;16.3309683;48.2233015;1648;21.41;3;Scheduled;0
34;16.3552954;48.1844088;2041;27.73;3;Scheduled;0
35;16.3001086;48.1970493;949;20.75;2;Scheduled;0
36;16.3627463;48.2194294;15543;21.86;3;Scheduled;0
37;16.412053;48.173702;6235;32.83;3;Scheduled;0
38;16.4525617;48.2055107;6412;24.42;3;Scheduled;0
39;16.4102084;48.1700944;9678;29.21;3;Scheduled;0
40;16.3972388;48.1536281;9622;21.71;3;Scheduled;0
41;16.4494396;48.2598309;4330;25.17;1;Scheduled;0
42;16.3559719;48.1801633;15413;22.61;3;Scheduled;0
43;16.3341981;48.2307016;5037;33.4;3;Scheduled;0
44;16.4776923;48.2090324;2193;20.91;3;Scheduled;0
45;16.3046316;48.2325686;11727;21.29;3;Scheduled;0
46;16.3493151;48.2299392;3263;34.17;3;Scheduled;0
47;16.4207177;48.2343625;664;21.12;1;Scheduled;0
48;16.3880249;48.2082087;4489;29.52;3;Scheduled;0
49;16.3062124;48.2088618;2857;33.67;2;Scheduled;0
50;16.4076235;48.1407662;8703;26.37;3;Scheduled;0
51;16.5440044;48.2122971;8819;20.36;3;Scheduled;0
52;16.5088364;48.2242684;14865;23.84;3;OnDemand;31.3
53;16.4472297;48.2274888;7119;21.61;1;OnDemand;33.78
54;16.3095215;48.2011622;1217;21.92;2;OnDemand;35.01
55;16.345883;48.2859376;15029;26.88;3;OnDemand;51.93
56;16.4046047;48.2448947;14566;24.18;1;OnDemand;70.63
57;16.4435525;48.2336889;4123;31.52;1;OnDemand;93.03
58;16.4303625;48.2511907;13872;28.6;1;OnDemand;103.65
59;16.3538996;48.1966647;3924;30.14;2;OnDemand;103.85
60;16.441812;48.2336312;7390;25.07;1;OnDemand;113.97
61;16.3919986;48.2107929;6175;29.2;3;OnDemand;137.53
62;16.4455391;48.256078;4322;22.91;1;OnDemand;137.96
63;16.4388702;48.2374415;4347;22.12;1;OnDemand;141.25
64;16.3200528;48.1579323;8013;22.05;3;OnDemand;143
65;16.2787909;48.1579645;6825;31.13;3;OnDemand;157.22
66;16.2812963;48.1940243;44;25.87;2;OnDemand;162.59
67;16.2556287;48.204032;15395;29.26;3;OnDemand;173.31
68;16.3544496;48.23006;14710;30.19;3;OnDemand;189.07
69;16.2712324;48.1766656;3175;23.2;3;OnDemand;195.23
70;16.4304784;48.1715964;6382;23.39;3;OnDemand;196.87
71;16.3631965;48.2097084;2711;27.32;3;OnDemand;199.82
72;16.2418709;48.1375944;12363;24.71;3;OnDemand;205.22
73;16.3450224;48.200371;10800;34.78;2;OnDemand;206.95
74;16.2961459;48.1868581;11875;22.79;2;OnDemand;207.32
75;16.4216268;48.2361111;11935;32.46;1;OnDemand;209.44
76;16.3752376;48.2226209;10246;32.36;3;OnDemand;211.08
77;16.3520556;48.1898456;11944;25.7;2;OnDemand;215.12
78;16.3218663;48.2071616;2385;33.74;2;OnDemand;222.73
79;16.3861635;48.1779295;13932;25.07;3;OnDemand;242.03
80;16.438993;48.1923009;1694;30.11;3;OnDemand;250.72
81;16.4717313;48.1963349;9825;28.1;3;OnDemand;265.86
82;16.3134172;48.2043082;1176;29.67;2;OnDemand;273.05
83;16.3269769;48.1722528;14940;26.14;2;OnDemand;287.16
84;16.4526092;48.2297971;7971;26.8;1;OnDemand;307.26
85;16.4135634;48.2572756;13826;21.18;1;OnDemand;318.92
86;16.4715427;48.2438251;9982;20.37;1;OnDemand;322.14
87;16.4128559;48.2595807;4119;25.21;1;OnDemand;350.62
88;16.3327504;48.1801967;5341;33.66;2;OnDemand;365.16
89;16.404665;48.2575149;15372;32.42;1;OnDemand;370.73
90;16.4284576;48.2404223;5076;22.41;1;OnDemand;372.85
91;16.4581845;48.2263343;2299;31.61;1;OnDemand;381.65
92;16.4403545;48.2499454;12264;22.86;1;OnDemand;385.22
93;16.2766958;48.164608;9904;24.54;3;OnDemand;390.65
