id;longitude;latitude;request_node;service_time_min;cluster;type;arrival_time
1;16.4371334;48.1793636;15824;0;3;Depot;0
2;16.3492475;48.2260964;586;23.42;3;Scheduled;0
3;16.3341795;48.2011558;2866;34.46;2;Scheduled;0
4;16.4114637;48.1788774;1794;20.25;3;Scheduled;0
5;16.4418009;48.2803137;4166;24.74;3;Scheduled;0
6;16.3897462;48.2175578;683;21.99;3;Scheduled;0
7;16.3677793;48.2022641;14706;24.14;3;Scheduled;0
8;16.4522819;48.2345906;10229;23.66;1;Scheduled;0
9;16.3645305;48.2664005;13044;20.18;3;Scheduled;0
10;16.3886766;48.2068659;4793;27.71;3;Scheduled;0
11;16.2339968;48.2018906;306;34.31;3;Scheduled;0
12;16.5325727;48.2491756;2359;20.52;3;Scheduled;0
13;16.3929186;48.2582852;6557;27.93;3;Scheduled;0
14;16.4734302;48.2182875;13373;20.59;3;Scheduled;0
15;16.4703083;48.2237604;10853;24.95;3;Scheduled;0
16;16.2074912;48.2027922;13441;28.15;3;Scheduled;0
17;16.3889106;48.2170098;14487;31.02;3;Scheduled;0
18;16.3932494;48.194287;5504;29.4;3;Scheduled;0
19;16.3224864;48.2632421;13907;23.18;3;Scheduled;0
20;16.3853288;48.2397347;766;27.1;3;Scheduled;0
21;16.3853005;48.220616;14058;21.94;3;Scheduled;0
22;16.3227102;48.1378902;410;25.14;3;Scheduled;0
23;16.4648681;48.2165655;15724;22.29;3;Scheduled;0
24;16.4158228;48.2830601;9775;24.55;3;Scheduled;0
25;16.3445563;48.178493;5295;27.92;2;Scheduled;0
26;16.3646881;48.2593788;15204;26.23;3;Scheduled;0
27;16.3351198;48.2511595;6012;29.73;3;Scheduled;0
28;16.2351504;48.2004214;897;25.63;3;Scheduled;0
29;16.3637095;48.1954769;1951;20.79;3;Scheduled;0
30;16.3870052;48.2224879;4398;20.8;3;Scheduled;0
31;16.4136411;48.1817892;15659;34.57;3;Scheduled;0
32;16.4194964;48.1712139;8388;24.66;3;Scheduled;0
33;16.3188298;48.1804677;10126;23.55;2;Scheduled;0
34;16.3606722;48.2158553;15228;22.45;3;Scheduled;0
35;16.3849501;48.2149839;14485;29.72;3;Scheduled;0
36;16.5332835;48.2087315;13764;27.12;3;Scheduled;0
37;16.314109;48.2234219;7999;30.06;3;Scheduled;0
38;16.3750993;48.2520737;9071;25.21;3;Scheduled;0
39;16.2811698;48.1932086;432;29.02;2;Scheduled;0
40;16.364901;48.1429277;12341;31.23;3;Scheduled;0
41;16.2808185;48.195939;15870;26.43;2;Scheduled;0
42;16.4516144;48.2825136;4298;23.2;3;Scheduled;0
43;16.4507685;48.2063412;11855;23.68;3;Scheduled;0
44;16.3209273;48.1819349;10125;33.96;2;Scheduled;0
45;16.3247116;48.1553955;5524;27.5;3;Scheduled;0
46;16.4539912;48.1921241;9907;34.84;3;Scheduled;0
47;16.499191;48.2576876;9280;30.71;3;Scheduled;0
48;16.3956912;48.2602471;14639;30.66;3;Scheduled;0
49;16.401073;48.3115095;4247;21.7;3;Scheduled;0
50;16.3252801;48.167685;9083;30.59;2;Scheduled;0
51;16.3832217;48.2400228;9530;25.47;3;Scheduled;0
52;16.3855829;48.1948736;3871;23.23;3;Scheduled;0
53;16.390707;48.2075665;4492;23.87;3;Scheduled;0
54;16.260718;48.2072103;11219;21.65;3;Scheduled;0
55;16.3294571;48.1537316;11579;22.8;3;Scheduled;0
56;16.3412904;48.2508274;11389;34.1;3;Scheduled;0
57;16.3480501;48.2308415;9341;33.95;3;Scheduled;0
58;16.3110206;48.1704996;15947;24.27;2;Scheduled;0
59;16.3631313;48.1728393;3996;21.74;3;Scheduled;0
60;16.4001573;48.1995143;4668;27.08;3;Scheduled;0
61;16.3870393;48.2111745;6788;34.4;3;Scheduled;0
62;16.3474323;48.1445391;10728;29.9;3;Scheduled;0
63;16.4929343;48.2418577;14769;33.32;3;Scheduled;0
64;16.4555308;48.1550136;8425;24.19;3;Scheduled;0
65;16.3832641;48.2201144;4531;20.91;3;Scheduled;0
66;16.300646;48.1992271;973;31.78;2;Scheduled;0
67;16.3314456;48.1864954;3631;25.72;2;Scheduled;0
68;16.410497;48.2908104;14535;26.91;3;Scheduled;0
69;16.4633457;48.2035013;6089;32.76;3;Scheduled;0
70;16.4706868;48.1625322;8609;33.27;3;Scheduled;0
71;16.2873059;48.1701162;10489;23.32;3;Scheduled;0
72;16.404292;48.203231;6271;20.38;3;Scheduled;0
73;16.4317561;48.2918404;4906;34.04;3;Scheduled;0
74;16.392703;48.1648567;12445;29.59;3;Scheduled;0
75;16.3678351;48.1744732;4629;20.12;3;Scheduled;0
76;16.4390369;48.2280484;12538;20;1;Scheduled;0
77;16.3924841;48.2599186;778;30.67;3;Scheduled;0
78;16.3327599;48.2081087;14446;21.87;2;OnDemand;6.9
79;16.3578789;48.2446037;14431;32.98;3;OnDemand;19.87
80;16.336894;48.1992768;2861;28.74;2;OnDemand;34.65
81;16.2823239;48.2073217;225;28.49;2;OnDemand;38.98
82;16.3372717;48.1902405;3641;31.65;2;OnDemand;47.08
83;16.3641085;48.199878;3940;26.16;3;OnDemand;53.83
84;16.3536369;48.1919547;760;28.02;2;OnDemand;55.56
85;16.419739;48.1855287;6940;26.14;3;OnDemand;61.73
86;16.3144451;48.1748688;15745;23.82;2;OnDemand;70.99
87;16.3241926;48.1794445;5336;26;2;OnDemand;72.91
88;16.3578098;48.1930014;764;33.25;3;OnDemand;76.9
89;16.4520961;48.2864112;4283;34.71;3;OnDemand;90.43
90;16.3298078;48.2030642;2817;24.73;2;OnDemand;93.22
91;16.4404783;48.2436399;12559;34.15;1;OnDemand;93.78
92;16.4082392;48.2531243;10187;34.68;1;OnDemand;95.03
93;16.3980979;48.1532939;8648;22.23;3;OnDemand;97.96
94;16.3184007;48.1991936;13218;25.97;2;OnDemand;99.1
95;16.4421008;48.2485939;7215;27.45;1;OnDemand;105.83
96;16.355589;48.1964948;1785;32.77;2;OnDemand;110.46
97;16.4338562;48.2651156;4132;21.37;1;OnDemand;126.93
98;16.2852426;48.1987918;418;32.99;2;OnDemand;131.66
99;16.457297;48.2399054;12685;28.37;1;OnDemand;134.93
100;16.3767641;48.2032392;3961;21.77;3;OnDemand;139.97
101;16.436439;48.274013;4436;23.23;1;OnDemand;150.46
102;16.3200995;48.1854704;10127;26.85;2;OnDemand;154.11
103;16.4191134;48.2614083;6461;25.79;1;OnDemand;157.11
104;16.4033445;48.1980468;3578;33.85;3;OnDemand;157.53
105;16.3040767;48.1882276;13589;31.21;2;OnDemand;158.44
106;16.4445936;48.2351459;4349;29.11;1;OnDemand;163.72
107;16.2937498;48.1950516;445;26.68;2;OnDemand;164.49
108;16.3157248;48.2127996;2901;33.05;2;OnDemand;166.03
109;16.3446842;48.1440164;9008;28.83;3;OnDemand;171.25
110;16.2788357;48.1842121;3016;27.5;2;OnDemand;175.88
111;16.328507;48.1996148;2731;33.02;2;OnDemand;183.72
112;16.4509699;48.2437326;10855;21.65;1;OnDemand;197.14
113;16.4176632;48.2555882;12472;21.13;1;OnDemand;198.99
114;16.4658365;48.2482008;13162;33.87;1;OnDemand;199.54
115;16.4521483;48.2418665;10175;31.06;1;OnDemand;202.92
116;16.2849753;48.1641321;9757;22.27;3;OnDemand;203.27
117;16.4812858;48.2172117;2158;24.63;3;OnDemand;203.48
118;16.3445591;48.1816327;7875;25.7;2;OnDemand;219.21
119;16.34025;48.2292603;3469;33.05;3;OnDemand;226.94
120;16.3411229;48.1905532;3644;21.7;2;OnDemand;235.19
121;16.2960915;48.2006581;14121;26.9;2;OnDemand;238.58
122;16.439578;48.2301091;7394;27.37;1;OnDemand;248.89
123;16.3530068;48.1891583;3739;22;2;OnDemand;253.74
124;16.4325554;48.2362184;4335;25.77;1;OnDemand;255.25
125;16.3045624;48.1898081;1247;31.17;2;OnDemand;257.77
126;16.2932012;48.173404;12124;33.51;2;OnDemand;258.08
127;16.4215136;48.2988043;7914;27.24;3;OnDemand;259.84
128;16.4308869;48.2663816;4406;27.9;1;OnDemand;260.9
129;16.4507685;48.2063412;11855;31.03;3;OnDemand;266.12
130;16.3068923;48.2048785;1161;32.19;2;OnDemand;277.98
131;16.4303625;48.2511907;13872;22.62;1;OnDemand;285.68
132;16.2995761;48.1945361;842;30.43;2;OnDemand;285.82
133;16.3562931;48.2173624;3338;25.41;3;OnDemand;299.92
134;16.4139242;48.2634082;6465;22.74;1;OnDemand;306.83
135;16.2618277;48.1695412;10977;27.23;3;OnDemand;307.1
136;16.451757;48.2469058;10723;32.54;1;OnDemand;312.35
137;16.4540679;48.2682898;7487;25.46;1;OnDemand;320.41
138;16.3310016;48.2108698;1512;26.02;2;OnDemand;321.02
139;16.4535021;48.2346587;10228;25.4;1;OnDemand;322.51
140;16.5284591;48.2177333;7101;20.45;3;OnDemand;322.58
141;16.32349;48.1919079;2766;29.81;2;OnDemand;328.48
142;16.4572392;48.2307273;10036;23.53;1;OnDemand;338.01
143;16.2981242;48.1749972;15478;22.44;2;OnDemand;339.31
144;16.350701;48.2001259;61;25.09;2;OnDemand;359.63
145;16.4046417;48.2574132;15373;27.36;1;OnDemand;361.74
146;16.4515466;48.2446577;7413;33.74;1;OnDemand;372.28
147;16.3281779;48.201833;2840;22.82;2;OnDemand;375.04
148;16.4610869;48.2457388;7410;29.62;1;OnDemand;380.66
149;16.3367537;48.2041797;67;30.29;2;OnDemand;382.93
150;16.3078813;48.1896482;1248;27.74;2;OnDemand;383.37
151;16.3549169;48.1935957;3906;23.04;2;OnDemand;389.99
152;16.3145987;48.2011948;13553;20.01;2;OnDemand;393.94
