id;longitude;latitude;request_node;service_time_min;cluster;type;arrival_time
1;16.4371334;48.1793636;15824;0;3;Depot;0
2;16.4603543;48.2231718;13262;32.29;3;Scheduled;0
3;16.3713021;48.1708098;4805;23.4;3;Scheduled;0
4;16.27845;48.1732016;11013;23.1;3;Scheduled;0
5;16.3816115;48.2446664;12703;22.91;3;Scheduled;0
6;16.3174785;48.2229172;12679;23.61;3;Scheduled;0
7;16.399751;48.1887861;8464;34.7;3;Scheduled;0
8;16.4699881;48.2277848;5468;27.86;3;Scheduled;0
9;16.3892948;48.2023366;14288;32.4;3;Scheduled;0
10;16.3635971;48.225016;3275;30.06;3;Scheduled;0
11;16.4609164;48.1454566;3452;34.67;3;Scheduled;0
12;16.4355239;48.2507014;15656;20.86;1;Scheduled;0
13;16.3825067;48.2113874;689;25.05;3;Scheduled;0
14;16.3213189;48.2325712;11850;20.19;3;Scheduled;0
15;16.2823714;48.1679681;10176;25.44;3;Scheduled;0
16;16.2808093;48.1361538;6786;23.15;3;Scheduled;0
17;16.3615689;48.2442322;14837;22.28;3;Scheduled;0
18;16.4516507;48.247888;14799;34.04;1;Scheduled;0
19;16.4062248;48.2222459;12767;26.02;3;Scheduled;0
20;16.4452072;48.2810792;4913;27.29;3;Scheduled;0
21;16.4323417;48.2521239;10610;30.22;1;Scheduled;0
22;16.2912805;48.1655895;9014;32.81;3;Scheduled;0
23;16.391396;48.2096893;5694;33.69;3;Scheduled;0
24;16.2373279;48.205976;9863;27.14;3;Scheduled;0
25;16.414477;48.1637283;6374;30.71;3;Scheduled;0
26;16.4586627;48.2360925;15648;32.45;1;Scheduled;0
27;16.5176851;48.2099827;9781;30.14;3;Scheduled;0
28;16.3756252;48.1503846;7016;25.1;3;Scheduled;0
29;16.4399051;48.2903644;13935;33.36;3;Scheduled;0
30;16.4074659;48.160282;8675;27.93;3;Scheduled;0
31;16.3850481;48.2571665;682;33.12;3;Scheduled;0
32;16.3121502;48.1487573;10789;23.88;3;Scheduled;0
33;16.3756113;48.203756;3944;28.14;3;Scheduled;0
34;16.3648714;48.2563801;7789;23.24;3;Scheduled;0
35;16.2966612;48.1981533;935;23.25;2;Scheduled;0
36;16.2468499;48.2185481;8335;27.11;3;Scheduled;0
37;16.3947372;48.2054112;6188;33.39;3;Scheduled;0
38;16.4539154;48.2235968;2285;24.53;3;Scheduled;0
39;16.2612091;48.1871225;10959;28.33;3;Scheduled;0
40;16.2380872;48.2069384;9861;31.33;3;Scheduled;0
41;16.3590369;48.1809255;15186;34.35;3;Scheduled;0
42;16.2742856;48.1826182;3080;34.31;3;Scheduled;0
43;16.3083966;48.2285806;7542;25;3;Scheduled;0
44;16.3829685;48.2107607;10695;27.75;3;Scheduled;0
45;16.3885713;48.2271767;12716;22.22;3;Scheduled;0
46;16.3232337;48.2179475;2940;25.35;2;Scheduled;0
47;16.36018;48.2267486;14725;30.57;3;Scheduled;0
48;16.3754654;48.2816787;6493;21.21;3;Scheduled;0
49;16.3764681;48.2338661;129;23.77;3;Scheduled;0
50;16.3756435;48.202134;3958;20.77;3;Scheduled;0
51;16.269628;48.1979588;465;31.08;3;Scheduled;0
52;16.2903134;48.190882;962;20.21;2;Scheduled;0
53;16.4036915;48.195799;12019;20.64;3;Scheduled;0
54;16.352322;48.1712886;11778;24.23;3;Scheduled;0
55;16.4365973;48.2028941;1664;20.61;3;Scheduled;0
56;16.3874548;48.1283683;4054;29.48;3;Scheduled;0
57;16.4902183;48.2560095;2351;31.32;3;Scheduled;0
58;16.4308448;48.2763811;16069;20.76;3;Scheduled;0
59;16.315898;48.2348266;7468;29.44;3;Scheduled;0
60;16.4841475;48.2930853;13774;25.36;3;Scheduled;0
61;16.3783496;48.2004917;1312;32.12;3;Scheduled;0
62;16.2984905;48.1538859;8977;30.07;3;Scheduled;0
63;16.5412414;48.2531198;8199;20.33;3;Scheduled;0
64;16.4430951;48.254283;675;30.34;1;Scheduled;0
65;16.4331181;48.2428216;7148;33.31;1;Scheduled;0
66;16.469006;48.1629934;12287;28.06;3;Scheduled;0
67;16.3800648;48.2742158;9053;33.28;3;Scheduled;0
68;16.3378078;48.1352401;13860;33.71;3;Scheduled;0
69;16.3933974;48.2241985;14331;32.73;3;Scheduled;0
70;16.4442931;48.2544313;4321;24.4;1;Scheduled;0
71;16.4002899;48.203344;1684;31.76;3;Scheduled;0
72;16.3751845;48.2016476;3957;27.41;3;Scheduled;0
73;16.3226516;48.1916612;2764;34.74;2;Scheduled;0
74;16.3024489;48.1261383;12102;23.65;3;Scheduled;0
75;16.2780379;48.1622156;12017;21.09;3;Scheduled;0
76;16.3084625;48.2078764;357;23.47;2;Scheduled;0
77;16.3436531;48.2169851;2494;24.2;3;Scheduled;0
78;16.2707173;48.141038;7723;34.56;3;Scheduled;0
79;16.4491715;48.2556169;10003;29.88;1;Scheduled;0
80;16.3692244;48.2124861;4763;30.05;3;Scheduled;0
81;16.2417486;48.2225978;6595;23.15;3;Scheduled;0
82;16.3774278;48.2105426;11272;34.86;3;Scheduled;0
83;16.3955723;48.252893;1641;28.01;3;Scheduled;0
84;16.4022769;48.2651861;9902;28.62;3;Scheduled;0
85;16.3966193;48.2232519;13105;31.58;3;Scheduled;0
86;16.4070294;48.1532661;6981;25.36;3;Scheduled;0
87;16.4473783;48.225045;14517;23.85;1;Scheduled;0
88;16.2316787;48.2096051;4831;24.75;3;Scheduled;0
89;16.5280803;48.2167966;15282;31.17;3;Scheduled;0
90;16.4190765;48.2839778;5902;27.49;3;Scheduled;0
91;16.309831;48.1464794;14860;30.63;3;Scheduled;0
92;16.2726031;48.1576604;9634;26.22;3;Scheduled;0
93;16.3867504;48.2043098;8519;23.15;3;Scheduled;0
94;16.3303172;48.140187;16009;21.21;3;Scheduled;0
95;16.3881067;48.2385404;14012;22.39;3;Scheduled;0
96;16.4174808;48.2713699;12895;27.56;3;Scheduled;0
97;16.409437;48.1927332;11596;32.53;3;Scheduled;0
98;16.375827;48.2386769;6096;27.31;3;Scheduled;0
99;16.3479647;48.2450759;7556;26.49;3;Scheduled;0
100;16.3665043;48.1771139;12453;33.21;3;Scheduled;0
101;16.4725028;48.2563955;13168;31.47;1;Scheduled;0
102;16.4410742;48.2328056;11641;20.82;1;Scheduled;0
103;16.2899051;48.162343;15112;22.99;3;Scheduled;0
104;16.3355751;48.1681345;5172;30.3;3;Scheduled;0
105;16.3744072;48.2113483;2423;33.49;3;Scheduled;0
106;16.3939618;48.2113624;6286;20.69;3;Scheduled;0
107;16.3556692;48.2118987;9763;21.34;3;Scheduled;0
108;16.2612331;48.1698688;13328;26.61;3;Scheduled;0
109;16.2665453;48.1489971;9661;31.67;3;Scheduled;0
110;16.4645444;48.1473403;8432;22.1;3;Scheduled;0
111;16.3907606;48.249984;1615;30.18;3;Scheduled;0
112;16.4266657;48.257252;15486;20.71;1;Scheduled;0
113;16.3843494;48.1425073;8084;29.08;3;Scheduled;0
114;16.3561389;48.1763905;4874;26.75;3;Scheduled;0
115;16.3550923;48.2510459;4936;31.22;3;Scheduled;0
116;16.3775848;48.2168644;4174;22.66;3;Scheduled;0
117;16.4233989;48.1726317;8041;29.82;3;Scheduled;0
118;16.4080674;48.2501297;7245;22.46;1;Scheduled;0
119;16.3491914;48.1427698;13284;23.93;3;Scheduled;0
120;16.3849862;48.2242029;4522;21.43;3;Scheduled;0
121;16.3705516;48.2102528;2416;25.92;3;Scheduled;0
122;16.4416959;48.2438626;15000;23.2;1;Scheduled;0
123;16.5175261;48.2163976;8895;29.61;3;Scheduled;0
124;16.3370263;48.1810022;15793;23.86;2;Scheduled;0
125;16.2727251;48.195901;472;21.42;3;Scheduled;0
126;16.4020032;48.2651374;4118;21.06;3;Scheduled;0
127;16.3269849;48.1855412;3611;22.83;2;Scheduled;0
128;16.3626262;48.2489477;12691;33.1;3;Scheduled;0
129;16.4461223;48.2569387;5632;34.72;1;Scheduled;0
130;16.4205396;48.1698967;13507;25.86;3;Scheduled;0
131;16.4206238;48.2344415;11093;20.27;1;Scheduled;0
132;16.3613388;48.2127681;1495;20.67;3;Scheduled;0
133;16.2628629;48.2186773;14008;21.62;3;Scheduled;0
134;16.4495529;48.2797208;4316;28.55;3;Scheduled;0
135;16.4703083;48.2237604;10853;32.59;3;Scheduled;0
136;16.4698689;48.1994631;2198;32.23;3;Scheduled;0
137;16.3767104;48.2092421;4443;32.93;3;Scheduled;0
138;16.3376568;48.2581337;12141;32.8;3;Scheduled;0
139;16.3626602;48.2137992;9798;31.99;3;Scheduled;0
140;16.4022017;48.2650702;11695;20.3;3;Scheduled;0
141;16.4637149;48.2240642;2322;27.84;3;Scheduled;0
142;16.460866;48.2535954;8484;25.45;1;Scheduled;0
143;16.3661577;48.2232862;3283;29.4;3;Scheduled;0
144;16.3626973;48.2491384;12692;33.74;3;Scheduled;0
145;16.2969302;48.1458967;15086;22.74;3;Scheduled;0
146;16.4408951;48.2635479;8765;26.73;1;OnDemand;9.57
147;16.3480899;48.1992479;10579;23.86;2;OnDemand;23.48
148;16.434959;48.2561143;4467;28.91;1;OnDemand;76.88
149;16.3208627;48.1954179;2759;25.95;2;OnDemand;86.47
150;16.441812;48.2336312;7390;33.1;1;OnDemand;87.75
151;16.4477631;48.2504956;13128;22.62;1;OnDemand;117
152;16.3254141;48.1718379;15577;32.14;2;OnDemand;117.38
153;16.3476586;48.1385191;9034;31.91;3;OnDemand;125.62
154;16.4216268;48.2361111;11935;29.07;1;OnDemand;169.55
155;16.3438498;48.2579613;12046;20.78;3;OnDemand;198.75
156;16.287865;48.1465059;6764;30.37;3;OnDemand;284.06
157;16.448016;48.2702852;4433;22.27;1;OnDemand;286.3
158;16.3429443;48.1937032;11985;23.01;2;OnDemand;388.73
159;16.2871931;48.2003222;427;21.55;2;OnDemand;394.99
160;16.327987;48.1783253;5320;20.19;2;OnDemand;398.87
