id;longitude;latitude;request_node;service_time_min;cluster;type;arrival_time
1;16.4371334;48.1793636;15824;0;3;Depot;0
2;16.4603543;48.2231718;13262;25.95;3;Scheduled;0
3;16.3713021;48.1708098;4805;33.1;3;Scheduled;0
4;16.27845;48.1732016;11013;22.62;3;Scheduled;0
5;16.3816115;48.2446664;12703;32.14;3;Scheduled;0
6;16.3174785;48.2229172;12679;31.91;3;Scheduled;0
7;16.3374656;48.1710308;3560;29.07;2;OnDemand;2.79
8;16.374402;48.1733101;5236;20.78;3;OnDemand;4
9;16.4278807;48.2472767;8595;30.37;1;OnDemand;20.58
10;16.3091728;48.1936237;1063;22.27;2;OnDemand;20.92
11;16.3791031;48.1829194;11931;23.01;3;OnDemand;28.95
12;16.2990945;48.1740763;14067;21.55;2;OnDemand;31.91
13;16.3399682;48.1957006;6609;20.19;2;OnDemand;32.54
14;16.347839;48.1959422;2102;29.79;2;OnDemand;36.91
15;16.4315868;48.2386466;5075;23.63;1;OnDemand;41.78
16;16.3524843;48.1980388;15776;21.93;2;OnDemand;54.54
17;16.4279021;48.2510251;6460;20.87;1;OnDemand;56.43
18;16.3457204;48.215491;5931;30.6;3;OnDemand;56.47
19;16.3088942;48.2130995;6930;20.46;2;OnDemand;63.86
20;16.4348912;48.241793;10286;33.2;1;OnDemand;68.2
21;16.333832;48.1950485;1918;20.24;2;OnDemand;70.94
22;16.2797836;48.1966875;453;27.65;2;OnDemand;72.37
23;16.3020645;48.1972657;888;29.67;2;OnDemand;73.87
24;16.4440372;48.266891;9366;30.45;1;OnDemand;75.78
25;16.4588305;48.2415518;10854;29.87;1;OnDemand;84.37
26;16.4346805;48.251588;10002;23.85;1;OnDemand;90.22
27;16.3461799;48.1662805;12725;34.97;3;OnDemand;92.33
28;16.3250882;48.2267417;15274;30.39;3;OnDemand;92.76
29;16.337218;48.1905816;350;20.76;2;OnDemand;93.76
30;16.3610144;48.1817587;7385;21.52;3;OnDemand;95.25
31;16.4290835;48.171751;12873;27.2;3;OnDemand;97.93
32;16.2823471;48.1939739;489;27.04;2;OnDemand;98.04
33;16.4535021;48.2346587;10228;23.99;1;OnDemand;105.76
34;16.4381664;48.2504517;13870;21.34;1;OnDemand;119.26
35;16.3764857;48.1705421;3988;29.17;3;OnDemand;120.5
36;16.4745636;48.2436784;9735;25.92;1;OnDemand;121.72
37;16.4527206;48.2282808;2122;28.09;1;OnDemand;123.33
38;16.4469858;48.2400708;15010;32.92;1;OnDemand;134.47
39;16.3440176;48.1792131;7870;31.29;2;OnDemand;136.15
40;16.3610301;48.1922062;3758;31.37;3;OnDemand;143.68
41;16.3121637;48.1682383;5597;33.86;2;OnDemand;144.55
42;16.3375176;48.1856216;749;24.93;2;OnDemand;146.13
43;16.4578426;48.1702672;14521;22.35;3;OnDemand;147.78
44;16.401333;48.2434969;4378;23.23;3;OnDemand;148.67
45;16.3718308;48.2544306;13321;21.69;3;OnDemand;150.89
46;16.434959;48.2561143;4467;22.94;1;OnDemand;159.4
47;16.3208627;48.1954179;2759;32.86;2;OnDemand;160.92
48;16.441812;48.2336312;7390;23.42;1;OnDemand;161.13
49;16.4477631;48.2504956;13128;31.51;1;OnDemand;165.79
50;16.3254141;48.1718379;15577;29.26;2;OnDemand;165.85
51;16.3476586;48.1385191;9034;28.54;3;OnDemand;167.16
52;16.4216268;48.2361111;11935;22.31;1;OnDemand;174.16
53;16.3438498;48.2579613;12046;20.52;3;OnDemand;178.81
54;16.287865;48.1465059;6764;34.97;3;OnDemand;192.4
55;16.448016;48.2702852;4433;32.53;1;OnDemand;192.76
56;16.3429443;48.1937032;11985;28.8;2;OnDemand;209.07
57;16.2871931;48.2003222;427;25.09;2;OnDemand;210.07
58;16.327987;48.1783253;5320;22.5;2;OnDemand;210.69
59;16.4399921;48.2428929;7778;32.11;1;OnDemand;226.51
60;16.4253372;48.3029548;6574;29.74;3;OnDemand;227.64
61;16.2937615;48.2068609;995;30.58;2;OnDemand;228.86
62;16.4289227;48.2450053;12504;26.77;1;OnDemand;233.78
63;16.4097725;48.2497372;11352;21.08;1;OnDemand;235.77
64;16.3060105;48.1937824;9416;25.44;2;OnDemand;247.92
65;16.4136411;48.1817892;15659;29.71;3;OnDemand;256.44
66;16.4044412;48.2509023;7246;30.88;1;OnDemand;261.97
67;16.4670489;48.2343276;15707;26.34;1;OnDemand;263.81
68;16.4611463;48.2627332;7494;28.87;1;OnDemand;267.27
69;16.3341518;48.181162;10656;31.97;2;OnDemand;270.11
70;16.4478595;48.2714431;5649;32.71;1;OnDemand;283.98
71;16.4530994;48.2455471;13835;20.01;1;OnDemand;284.68
72;16.342644;48.2461465;7554;24.5;3;OnDemand;285.97
73;16.3432283;48.1990003;2059;30.41;2;OnDemand;286.16
74;16.3106353;48.1947681;1061;34.46;2;OnDemand;292.38
75;16.3548588;48.1906037;762;21.95;2;OnDemand;294.33
76;16.458554;48.2548531;13038;21.14;1;OnDemand;294.43
77;16.4262096;48.2731675;10705;28.51;1;OnDemand;297.84
78;16.4623393;48.2355369;7400;28.33;1;OnDemand;306.21
79;16.301868;48.192121;13748;20.92;2;OnDemand;309.22
80;16.4134992;48.2525262;9597;30.11;1;OnDemand;310.38
81;16.3334808;48.192767;13534;33.71;2;OnDemand;315.14
82;16.4208524;48.2584249;4462;33.32;1;OnDemand;318.92
83;16.4331828;48.2543401;12273;24.87;1;OnDemand;320.24
84;16.3339883;48.1932434;3622;21.39;2;OnDemand;322.61
85;16.3350137;48.1987593;2864;32.47;2;OnDemand;323.37
86;16.3918188;48.2597522;7958;21.91;3;OnDemand;326.33
87;16.3875881;48.2164612;11398;33.03;3;OnDemand;332.74
88;16.3317489;48.2105673;1511;34.3;2;OnDemand;337.88
89;16.4738022;48.2479753;12617;27.49;1;OnDemand;338.29
90;16.3566315;48.2351129;3247;29.82;3;OnDemand;338.96
91;16.4386927;48.2576225;13503;22.91;1;OnDemand;343.08
92;16.3765613;48.1738834;15287;31.44;3;OnDemand;347.78
93;16.3317489;48.2105673;1511;28.21;2;OnDemand;348.22
94;16.3441242;48.2870151;12178;23.21;3;OnDemand;349.54
95;16.3079974;48.1983992;1105;30.38;2;OnDemand;350.47
96;16.4262096;48.2731675;10705;34.59;1;OnDemand;352.66
97;16.3151683;48.1979575;1095;28.34;2;OnDemand;360.74
98;16.4591715;48.2584812;14601;27.92;1;OnDemand;369.23
99;16.4524271;48.2458996;15835;23.25;1;OnDemand;372.5
100;16.2682918;48.1643207;11140;30.21;3;OnDemand;383.46
101;16.3432101;48.2018241;1446;31.19;2;OnDemand;384.77
