id;longitude;latitude;request_node;service_time_min;cluster;type;arrival_time
1;16.4371334;48.1793636;15824;0;3;Depot;0
2;16.3743185;48.1891707;3769;20.72;3;Scheduled;0
3;16.5405941;48.2146101;8843;24.62;3;Scheduled;0
4;16.3621347;48.201073;5094;33.15;3;Scheduled;0
5;16.3215563;48.1626891;6691;33.17;3;Scheduled;0
6;16.2746377;48.1643979;6841;23.66;3;Scheduled;0
7;16.2513883;48.218416;8167;34.77;3;Scheduled;0
8;16.3158267;48.2140857;2922;33.3;2;Scheduled;0
9;16.4352745;48.2527037;5086;20.66;1;Scheduled;0
10;16.3568228;48.172509;8583;25.62;3;Scheduled;0
11;16.2551471;48.1996727;787;20.82;3;Scheduled;0
12;16.3387871;48.2370753;329;31.52;3;Scheduled;0
13;16.4629495;48.2115349;2230;22.24;3;Scheduled;0
14;16.3742396;48.1863705;3751;34.5;3;Scheduled;0
15;16.2742534;48.1441861;7727;29.4;3;Scheduled;0
16;16.3695598;48.1736437;5223;21.59;3;Scheduled;0
17;16.444603;48.2722174;7303;22.81;1;Scheduled;0
18;16.3755199;48.2452199;13348;32.32;3;Scheduled;0
19;16.2833821;48.1487295;9665;29.8;3;Scheduled;0
20;16.3662523;48.1984692;1948;21.68;3;Scheduled;0
21;16.3969362;48.1862033;14955;28.9;3;Scheduled;0
22;16.2679742;48.205707;1004;27.19;3;Scheduled;0
23;16.464437;48.1554052;8452;25;3;Scheduled;0
24;16.4595743;48.2087692;6119;24.29;3;Scheduled;0
25;16.3814052;48.235203;15524;24.38;3;Scheduled;0
26;16.3655392;48.2099586;2696;21.51;3;Scheduled;0
27;16.3991661;48.1994543;6536;21.4;3;Scheduled;0
28;16.3694024;48.2180432;10495;24.33;3;Scheduled;0
29;16.3762372;48.2027173;3959;31.29;3;Scheduled;0
30;16.3142082;48.1884421;373;33.79;2;Scheduled;0
31;16.3982924;48.1898578;8465;34.77;3;Scheduled;0
32;16.385643;48.1413426;8079;24.17;3;Scheduled;0
33;16.3338961;48.2811337;11160;25.08;3;Scheduled;0
34;16.3518535;48.2190074;13323;20.76;3;Scheduled;0
35;16.2575474;48.1963929;551;21.31;3;Scheduled;0
36;16.4497962;48.2684647;5653;25.06;1;Scheduled;0
37;16.379006;48.2705685;9147;23.77;3;Scheduled;0
38;16.5019341;48.2544503;13234;25.44;3;Scheduled;0
39;16.3866139;48.1698852;5189;31.13;3;Scheduled;0
40;16.2746313;48.158547;13607;30.6;3;Scheduled;0
41;16.3383508;48.2001368;2062;31.7;2;Scheduled;0
42;16.3263773;48.2051486;2377;26.02;2;Scheduled;0
43;16.303968;48.2144948;11338;34.94;2;Scheduled;0
44;16.37275;48.1741345;4636;24.97;3;Scheduled;0
45;16.4141221;48.2318625;11094;21.28;1;Scheduled;0
46;16.3074505;48.2021313;1154;32.82;2;Scheduled;0
47;16.2761591;48.1759642;3133;27.85;3;Scheduled;0
48;16.2882772;48.138219;6782;34.96;3;Scheduled;0
49;16.3775832;48.220943;4196;26.33;3;Scheduled;0
50;16.364018;48.2178142;3318;23.43;3;Scheduled;0
51;16.345883;48.2859376;15029;21.55;3;Scheduled;0
52;16.3685073;48.1864612;13959;33.48;3;Scheduled;0
53;16.2456469;48.2179282;8329;23.81;3;Scheduled;0
54;16.2489992;48.2188434;15939;26.2;3;Scheduled;0
55;16.3922793;48.2061696;6176;21.37;3;Scheduled;0
56;16.3345693;48.2163472;10514;32.18;3;Scheduled;0
57;16.3828129;48.2100309;14501;29.14;3;Scheduled;0
58;16.367708;48.2019799;14707;28.18;3;Scheduled;0
59;16.4075725;48.1955964;8376;32.92;3;Scheduled;0
60;16.3636803;48.1924288;1945;24.34;3;Scheduled;0
61;16.4357564;48.2630451;4332;20.75;1;Scheduled;0
62;16.377102;48.1913908;3775;23.89;3;Scheduled;0
63;16.4486849;48.1940504;3462;24.86;3;Scheduled;0
64;16.4976888;48.2838136;16075;28.52;3;Scheduled;0
65;16.3136947;48.1942081;1088;33.92;2;Scheduled;0
66;16.2594122;48.1814025;3592;31.65;3;Scheduled;0
67;16.3191147;48.1996359;1264;20.71;2;Scheduled;0
68;16.355225;48.209235;2664;34.26;3;Scheduled;0
69;16.4834048;48.2024784;7364;34.11;3;Scheduled;0
70;16.4387235;48.2335842;6065;29.35;1;Scheduled;0
71;16.2359567;48.2076041;639;21.02;3;Scheduled;0
72;16.353952;48.1942116;709;27.94;2;Scheduled;0
73;16.4544818;48.2308008;10044;21.78;1;Scheduled;0
74;16.3302842;48.1627627;14174;28.76;3;Scheduled;0
75;16.2917731;48.2046897;999;25.41;2;Scheduled;0
76;16.3515756;48.2306766;3242;24.79;3;Scheduled;0
77;16.3452518;48.1453009;10729;22.7;3;Scheduled;0
78;16.3274724;48.1912906;14776;32.18;2;OnDemand;7.77
79;16.4127936;48.2487215;5027;32.03;1;OnDemand;7.82
80;16.4491715;48.2556169;10003;28.15;1;OnDemand;22
81;16.3077223;48.1880741;2801;24.68;2;OnDemand;25.2
82;16.4503285;48.2308397;4122;22.45;1;OnDemand;27.39
83;16.328507;48.1996148;2731;31.5;2;OnDemand;33.79
84;16.3260069;48.1747205;5592;28.39;2;OnDemand;38.99
85;16.2971695;48.1778988;8997;24.02;2;OnDemand;39.45
86;16.3300845;48.2008169;1596;21.22;2;OnDemand;39.9
87;16.3021813;48.1765511;9880;29.52;2;OnDemand;53.57
88;16.4664265;48.246612;7408;27.89;1;OnDemand;59.69
89;16.3205503;48.1886179;7019;34.48;2;OnDemand;66.74
90;16.4737043;48.2656929;7421;25.65;1;OnDemand;67.99
91;16.4141221;48.2318625;11094;33.9;1;OnDemand;71.03
92;16.472565;48.2634544;7420;31.19;1;OnDemand;73.15
93;16.3476508;48.1846547;6625;29.9;2;OnDemand;74.55
94;16.4535236;48.2730384;7299;32.16;1;OnDemand;75.13
95;16.3315962;48.2082867;1475;28.7;2;OnDemand;79.45
96;16.3023491;48.2047929;992;27.81;2;OnDemand;85.81
97;16.4492355;48.2484172;5054;34.31;1;OnDemand;87.55
98;16.4169078;48.2310003;14926;30.47;1;OnDemand;92.55
99;16.3559284;48.1914654;3711;22.51;2;OnDemand;93.3
100;16.4188073;48.2617544;10776;28.93;1;OnDemand;94.28
101;16.3198001;48.1848954;29;31.19;2;OnDemand;94.5
102;16.4467721;48.245558;7373;30.95;1;OnDemand;97.01
103;16.4366775;48.2630667;5492;24.35;1;OnDemand;104.98
104;16.4496921;48.271606;5651;23.1;1;OnDemand;109.4
105;16.3217492;48.1818566;5344;34.89;2;OnDemand;122.12
106;16.2983033;48.1855776;11102;27.5;2;OnDemand;128.31
107;16.4045281;48.2466824;676;25.7;1;OnDemand;132.98
108;16.3301305;48.1915626;14756;26.65;2;OnDemand;133.56
109;16.2839396;48.1918235;10648;26.8;2;OnDemand;144.31
110;16.3526536;48.1890634;14420;32.83;2;OnDemand;146.5
111;16.3256508;48.2127179;16053;32.51;2;OnDemand;148.67
112;16.4252477;48.2275525;14660;24.75;1;OnDemand;151.44
113;16.4555628;48.2288462;1804;30.84;1;OnDemand;154.45
114;16.285966;48.178228;11117;33.46;2;OnDemand;158.25
115;16.4330932;48.2509397;10641;21.7;1;OnDemand;165.49
116;16.4312113;48.2382574;4339;28.87;1;OnDemand;165.68
117;16.4469208;48.2342893;7396;25.72;1;OnDemand;170.55
118;16.3162411;48.1665219;10587;25.12;2;OnDemand;190.78
119;16.3174286;48.2016019;1203;29.84;2;OnDemand;200.07
120;16.3163717;48.2000956;13551;28.51;2;OnDemand;202.39
121;16.4541516;48.255703;8486;20.69;1;OnDemand;202.87
122;16.3388145;48.1884792;1734;26.24;2;OnDemand;205.88
123;16.4188073;48.2617544;10776;23.57;1;OnDemand;207.98
124;16.3413026;48.20772;13224;32.62;2;OnDemand;208.36
125;16.4592281;48.2563341;14947;25.99;1;OnDemand;208.75
126;16.4711083;48.2421306;5675;22.82;1;OnDemand;210.86
127;16.4301568;48.2392336;670;22.37;1;OnDemand;217.68
128;16.3296858;48.1959362;870;21.03;2;OnDemand;223.55
129;16.4442529;48.2487819;5052;22.67;1;OnDemand;227.63
130;16.3156267;48.176574;13346;29.21;2;OnDemand;239.31
131;16.4160782;48.263639;6464;30.05;1;OnDemand;253.88
132;16.4341372;48.2410177;12824;29.47;1;OnDemand;254.17
133;16.3540197;48.1839656;2040;25.58;2;OnDemand;254.22
134;16.4381535;48.2503949;15653;29.41;1;OnDemand;268.73
135;16.3512439;48.2022516;13243;25.88;2;OnDemand;269.18
136;16.3218663;48.2071616;2385;32.06;2;OnDemand;269.9
137;16.332593;48.181246;5310;33.51;2;OnDemand;272.7
138;16.3077531;48.213276;289;34.92;2;OnDemand;305.34
139;16.448618;48.2391578;4353;29.29;1;OnDemand;310.46
140;16.3315881;48.1931779;1914;20.94;2;OnDemand;312.15
141;16.4661789;48.2308794;5487;33.48;1;OnDemand;322.37
142;16.446568;48.2464357;5496;24.91;1;OnDemand;324.52
143;16.447577;48.2453886;7319;32.74;1;OnDemand;331.01
144;16.4431629;48.2697885;10232;23.39;1;OnDemand;342.06
145;16.4243361;48.2287895;6951;31.21;1;OnDemand;357.82
146;16.3242206;48.2152776;2933;25.77;2;OnDemand;359.45
147;16.2917731;48.2046897;999;25.66;2;OnDemand;361.22
148;16.4396218;48.2299081;7981;27.05;1;OnDemand;377.54
149;16.4253546;48.2275761;14309;30.18;1;OnDemand;385.48
150;16.4319902;48.2543892;12274;32.63;1;OnDemand;386.29
151;16.3315881;48.1931779;1914;30.26;2;OnDemand;386.94
