id;longitude;latitude;request_node;service_time_min;cluster;type;arrival_time
1;16.4371334;48.1793636;15824;0;3;Depot;0
2;16.3083212;48.2233666;8003;34.84;3;Scheduled;0
3;16.369448;48.2235657;4774;22.65;3;Scheduled;0
4;16.29052;48.2125488;10368;28.13;2;Scheduled;0
5;16.3195395;48.1560293;13217;25.76;3;Scheduled;0
6;16.2771417;48.1542445;9724;30.14;3;Scheduled;0
7;16.3898564;48.1432395;12758;24.04;3;Scheduled;0
8;16.2731241;48.1879173;10538;27.04;3;Scheduled;0
9;16.4047518;48.1846417;8461;22.58;3;Scheduled;0
10;16.3974802;48.138088;4049;25.54;3;Scheduled;0
11;16.3778727;48.213534;13498;30.88;3;Scheduled;0
12;16.335199;48.2471619;11570;27.29;3;Scheduled;0
13;16.5234499;48.214644;12256;20.96;3;Scheduled;0
14;16.3286983;48.1385561;8788;31.77;3;Scheduled;0
15;16.3381316;48.2085805;1300;26.27;2;Scheduled;0
16;16.3530939;48.2519371;14261;34.72;3;Scheduled;0
17;16.3508677;48.1346426;15853;24.24;3;Scheduled;0
18;16.3835525;48.207399;8521;32.72;3;Scheduled;0
19;16.3776526;48.1981238;1798;21.23;3;Scheduled;0
20;16.3199041;48.1543411;12104;33.3;3;Scheduled;0
21;16.3377833;48.1520489;13902;27.08;3;Scheduled;0
22;16.3506555;48.1976346;9940;21.64;2;Scheduled;0
23;16.5363225;48.2586376;8228;25;3;Scheduled;0
24;16.37654;48.2872829;1128;32.56;3;Scheduled;0
25;16.4875304;48.2236388;8920;24.15;3;Scheduled;0
26;16.3166329;48.1657007;877;28.81;2;Scheduled;0
27;16.4095373;48.1592177;8676;32.55;3;Scheduled;0
28;16.3427475;48.230516;7844;21.07;3;Scheduled;0
29;16.4206226;48.3022376;5921;30.54;3;Scheduled;0
30;16.2735734;48.1662936;15209;30.48;3;Scheduled;0
31;16.4126956;48.280174;6525;26.96;3;Scheduled;0
32;16.4591062;48.2435793;15960;26.55;1;Scheduled;0
33;16.2946815;48.2348184;12203;28.43;3;Scheduled;0
34;16.4439597;48.2150632;5070;33.93;3;Scheduled;0
35;16.2897255;48.150328;11040;23.46;3;Scheduled;0
36;16.3101655;48.2147816;2899;23.33;2;Scheduled;0
37;16.5234826;48.2060545;7074;26.3;3;Scheduled;0
38;16.2212772;48.2072427;14661;25;3;Scheduled;0
39;16.3364307;48.1773084;10569;32.97;2;Scheduled;0
40;16.3691095;48.1759223;4649;22.66;3;Scheduled;0
41;16.2751889;48.154487;9637;27.4;3;Scheduled;0
42;16.4812858;48.2172117;2158;26.45;3;Scheduled;0
43;16.3738399;48.1846421;3475;28.46;3;Scheduled;0
44;16.3669;48.2001445;1947;29.84;3;Scheduled;0
45;16.3269092;48.2165143;2579;34.68;2;Scheduled;0
46;16.2447059;48.217838;1529;23.48;3;Scheduled;0
47;16.3256252;48.1909101;14891;23.61;2;Scheduled;0
48;16.3593165;48.2172429;15224;31.95;3;Scheduled;0
49;16.5207971;48.2110129;12630;32.48;3;Scheduled;0
50;16.434294;48.2529402;14917;21.7;1;Scheduled;0
51;16.4193419;48.2832468;7288;34.45;3;Scheduled;0
52;16.3174607;48.1511095;12327;22.21;3;Scheduled;0
53;16.3682224;48.1769999;4632;22.15;3;Scheduled;0
54;16.4149837;48.2754045;6518;33.88;3;Scheduled;0
55;16.4359625;48.2368372;4343;27.61;1;Scheduled;0
56;16.3206302;48.1519418;1221;22.32;3;Scheduled;0
57;16.3209243;48.2234063;10617;25.22;3;Scheduled;0
58;16.3966872;48.2659843;10278;29.9;3;Scheduled;0
59;16.3034894;48.2390221;10674;24.68;3;Scheduled;0
60;16.3062124;48.2088618;2857;25.27;2;Scheduled;0
61;16.4373175;48.2435097;13701;22.22;1;Scheduled;0
62;16.3426501;48.2348287;5399;29.88;3;Scheduled;0
63;16.2855972;48.147083;9887;22.78;3;Scheduled;0
64;16.2690787;48.1997187;525;34.32;3;Scheduled;0
65;16.3152862;48.1646899;14977;33.47;3;Scheduled;0
66;16.3152477;48.1948903;1068;34.16;2;Scheduled;0
67;16.3227057;48.156252;5521;30.86;3;Scheduled;0
68;16.534699;48.2305269;8213;25.56;3;Scheduled;0
69;16.3287174;48.2432007;5837;31.72;3;Scheduled;0
70;16.41988;48.1954464;5861;20.17;3;Scheduled;0
71;16.3147768;48.1715806;6336;34.1;2;Scheduled;0
72;16.4720958;48.2265454;5490;34.91;3;Scheduled;0
73;16.3565084;48.2351902;14834;25.36;3;Scheduled;0
74;16.4167678;48.3038786;9319;31.21;3;Scheduled;0
75;16.4585463;48.2586887;7493;31.89;1;Scheduled;0
76;16.5198436;48.2325;9174;30.59;3;Scheduled;0
77;16.350123;48.1983097;1790;27.14;2;Scheduled;0
78;16.457939;48.2280799;11658;27.42;1;OnDemand;7.91
79;16.3336316;48.1769007;5304;24.62;2;OnDemand;8.63
80;16.3364077;48.2005571;2860;30.43;2;OnDemand;10.16
81;16.2989533;48.189136;2794;32.34;2;OnDemand;21.83
82;16.4479661;48.2646427;13251;26.52;1;OnDemand;25.23
83;16.3434316;48.1915825;10770;27.72;2;OnDemand;27.66
84;16.3074505;48.2021313;1154;29.95;2;OnDemand;29
85;16.3334845;48.1929135;14767;22.15;2;OnDemand;49.88
86;16.427724;48.2398183;11946;25.17;1;OnDemand;53.03
87;16.3315881;48.1931779;1914;26.09;2;OnDemand;60.06
88;16.3130869;48.2026022;1177;21.28;2;OnDemand;65.77
89;16.4673137;48.2473104;13111;33.99;1;OnDemand;66.83
90;16.4087417;48.2547957;13622;32.58;1;OnDemand;70.83
91;16.3389968;48.1897937;13281;33.19;2;OnDemand;75.61
92;16.3331449;48.1880469;14515;34.04;2;OnDemand;81.36
93;16.464288;48.2307661;5479;21.09;1;OnDemand;85.96
94;16.4386927;48.2576225;13503;25.68;1;OnDemand;89.91
95;16.442339;48.2341939;7391;28.07;1;OnDemand;91.44
96;16.3261491;48.210463;2398;21.58;2;OnDemand;92.52
97;16.4491715;48.2556169;10003;32.03;1;OnDemand;103.68
98;16.4167244;48.2309491;13473;31.09;1;OnDemand;107.06
99;16.4377885;48.2395439;11637;20.78;1;OnDemand;108.87
100;16.3107262;48.218528;14091;27.23;2;OnDemand;121.47
101;16.2984104;48.1856456;11103;33.81;2;OnDemand;133.34
102;16.3247731;48.209328;105;20.62;2;OnDemand;135.63
103;16.4804722;48.246661;5666;24.41;1;OnDemand;145.89
104;16.4208607;48.2566754;13606;27.51;1;OnDemand;148.56
105;16.4250494;48.2356073;15619;29.15;1;OnDemand;156.11
106;16.4588305;48.2415518;10854;23.96;1;OnDemand;157.3
107;16.4493256;48.248632;5051;26.35;1;OnDemand;169.01
108;16.2941422;48.2078215;1129;25.5;2;OnDemand;176.21
109;16.4087417;48.2547957;13622;34.14;1;OnDemand;183.16
110;16.3372277;48.1808627;15798;21.86;2;OnDemand;197.8
111;16.3391096;48.1845828;10342;21.05;2;OnDemand;198.45
112;16.4793452;48.2505966;5670;34.46;1;OnDemand;206.99
113;16.3339518;48.1773856;11708;26.64;2;OnDemand;211.05
114;16.3359059;48.2026086;2878;25.55;2;OnDemand;215.67
115;16.292912;48.1904091;965;22.55;2;OnDemand;222.74
116;16.4166459;48.2649961;7199;20.81;1;OnDemand;230.79
117;16.4696085;48.2299283;7114;29.87;1;OnDemand;232.85
118;16.4604817;48.2391951;13174;28.67;1;OnDemand;250.02
119;16.3322822;48.1878866;1589;34.81;2;OnDemand;251.03
120;16.3367061;48.1978377;1288;29.06;2;OnDemand;265.42
121;16.4199547;48.2564512;7324;20.97;1;OnDemand;265.69
122;16.3384663;48.181654;13923;22.43;2;OnDemand;266.48
123;16.301527;48.1991888;971;27.13;2;OnDemand;269.24
124;16.4449244;48.2366935;4348;20.03;1;OnDemand;273.76
125;16.3153914;48.2107562;2408;26.62;2;OnDemand;275.81
126;16.4413533;48.2750995;5276;23.91;1;OnDemand;276.66
127;16.3448013;48.1825993;5291;34.08;2;OnDemand;279.79
128;16.3488289;48.1926168;3706;30.74;2;OnDemand;295.79
129;16.4445936;48.2351459;4349;22.45;1;OnDemand;300.96
130;16.3234702;48.1758059;5327;27.14;2;OnDemand;303.09
131;16.3539469;48.1857077;15409;30.35;2;OnDemand;309.87
132;16.3103698;48.193413;255;26.91;2;OnDemand;317.72
133;16.4326067;48.2554153;12272;34.33;1;OnDemand;318.07
134;16.3026026;48.2055507;991;30.69;2;OnDemand;319.11
135;16.2806609;48.1874209;831;25.96;2;OnDemand;320.77
136;16.2918772;48.1718606;3181;21.77;2;OnDemand;320.93
137;16.4777985;48.2396486;5656;23.6;1;OnDemand;323.54
138;16.3532547;48.1830294;2045;32.95;2;OnDemand;325.7
139;16.2859046;48.2070188;1051;26.54;2;OnDemand;327.1
140;16.301527;48.1991888;971;27.47;2;OnDemand;349.41
141;16.2839851;48.2067979;1029;30.38;2;OnDemand;355.8
142;16.3266917;48.1666892;12763;31.4;2;OnDemand;359.59
143;16.2870956;48.1908269;32;22.33;2;OnDemand;385.97
144;16.2865352;48.2011496;81;32.74;2;OnDemand;386.37
145;16.4072085;48.2582532;4147;28.83;1;OnDemand;389.3
146;16.2946085;48.1732651;3127;27.53;2;OnDemand;391.74
147;16.4470674;48.241618;7456;22.85;1;OnDemand;393.84
