id;longitude;latitude;request_node;service_time_min;cluster;type;arrival_time
1;16.4371334;48.1793636;15824;0;3;Depot;0
2;16.3743185;48.1891707;3769;23.34;3;Scheduled;0
3;16.5405941;48.2146101;8843;32.45;3;Scheduled;0
4;16.3621347;48.201073;5094;28.08;3;Scheduled;0
5;16.3215563;48.1626891;6691;21.48;3;Scheduled;0
6;16.2746377;48.1643979;6841;21.64;3;Scheduled;0
7;16.2513883;48.218416;8167;28.61;3;Scheduled;0
8;16.3158267;48.2140857;2922;28.07;2;Scheduled;0
9;16.4352745;48.2527037;5086;27.31;1;Scheduled;0
10;16.3568228;48.172509;8583;24.79;3;Scheduled;0
11;16.2551471;48.1996727;787;30.2;3;Scheduled;0
12;16.3387871;48.2370753;329;32.92;3;Scheduled;0
13;16.4629495;48.2115349;2230;32.71;3;Scheduled;0
14;16.3742396;48.1863705;3751;24.01;3;Scheduled;0
15;16.2742534;48.1441861;7727;29.08;3;Scheduled;0
16;16.3695598;48.1736437;5223;32.46;3;Scheduled;0
17;16.444603;48.2722174;7303;28.87;1;Scheduled;0
18;16.3755199;48.2452199;13348;22.98;3;Scheduled;0
19;16.2833821;48.1487295;9665;31.59;3;Scheduled;0
20;16.3662523;48.1984692;1948;21.88;3;Scheduled;0
21;16.3969362;48.1862033;14955;33.32;3;Scheduled;0
22;16.2679742;48.205707;1004;24.64;3;Scheduled;0
23;16.464437;48.1554052;8452;29.74;3;Scheduled;0
24;16.4595743;48.2087692;6119;23.94;3;Scheduled;0
25;16.3814052;48.235203;15524;22.42;3;Scheduled;0
26;16.3655392;48.2099586;2696;21.58;3;Scheduled;0
27;16.3991661;48.1994543;6536;26.57;3;Scheduled;0
28;16.3694024;48.2180432;10495;20.58;3;Scheduled;0
29;16.3762372;48.2027173;3959;34.38;3;Scheduled;0
30;16.3142082;48.1884421;373;27.62;2;Scheduled;0
31;16.3982924;48.1898578;8465;25.43;3;Scheduled;0
32;16.385643;48.1413426;8079;33.19;3;Scheduled;0
33;16.3338961;48.2811337;11160;31.32;3;Scheduled;0
34;16.3518535;48.2190074;13323;31.39;3;Scheduled;0
35;16.2575474;48.1963929;551;33.34;3;Scheduled;0
36;16.4497962;48.2684647;5653;22.71;1;Scheduled;0
37;16.379006;48.2705685;9147;31.8;3;Scheduled;0
38;16.5019341;48.2544503;13234;28.21;3;Scheduled;0
39;16.3866139;48.1698852;5189;27.46;3;Scheduled;0
40;16.2746313;48.158547;13607;21.63;3;Scheduled;0
41;16.3383508;48.2001368;2062;28.8;2;Scheduled;0
42;16.3263773;48.2051486;2377;33.46;2;Scheduled;0
43;16.303968;48.2144948;11338;22.82;2;Scheduled;0
44;16.37275;48.1741345;4636;27.95;3;Scheduled;0
45;16.4141221;48.2318625;11094;30.05;1;Scheduled;0
46;16.3074505;48.2021313;1154;31.74;2;Scheduled;0
47;16.2761591;48.1759642;3133;22.82;3;Scheduled;0
48;16.2882772;48.138219;6782;28.5;3;Scheduled;0
49;16.3775832;48.220943;4196;22.95;3;Scheduled;0
50;16.364018;48.2178142;3318;24.61;3;Scheduled;0
51;16.345883;48.2859376;15029;22.42;3;Scheduled;0
52;16.3685073;48.1864612;13959;21.47;3;Scheduled;0
53;16.2456469;48.2179282;8329;23.86;3;Scheduled;0
54;16.2489992;48.2188434;15939;25.12;3;Scheduled;0
55;16.3922793;48.2061696;6176;32.81;3;Scheduled;0
56;16.3345693;48.2163472;10514;21.86;3;Scheduled;0
57;16.3828129;48.2100309;14501;25.22;3;Scheduled;0
58;16.367708;48.2019799;14707;24.86;3;Scheduled;0
59;16.4075725;48.1955964;8376;27.08;3;Scheduled;0
60;16.3636803;48.1924288;1945;32.77;3;Scheduled;0
61;16.4357564;48.2630451;4332;24.83;1;Scheduled;0
62;16.377102;48.1913908;3775;28.37;3;Scheduled;0
63;16.4486849;48.1940504;3462;30.59;3;Scheduled;0
64;16.4976888;48.2838136;16075;25.86;3;Scheduled;0
65;16.3136947;48.1942081;1088;32.36;2;Scheduled;0
66;16.2594122;48.1814025;3592;33.6;3;Scheduled;0
67;16.3191147;48.1996359;1264;26.26;2;Scheduled;0
68;16.355225;48.209235;2664;24.19;3;Scheduled;0
69;16.4834048;48.2024784;7364;30.97;3;Scheduled;0
70;16.4387235;48.2335842;6065;32.91;1;Scheduled;0
71;16.2359567;48.2076041;639;25.14;3;Scheduled;0
72;16.353952;48.1942116;709;27.39;2;Scheduled;0
73;16.4544818;48.2308008;10044;32.81;1;Scheduled;0
74;16.3302842;48.1627627;14174;25.81;3;Scheduled;0
75;16.2917731;48.2046897;999;30.9;2;Scheduled;0
76;16.3515756;48.2306766;3242;30.26;3;Scheduled;0
77;16.3452518;48.1453009;10729;32.68;3;Scheduled;0
78;16.3758246;48.2104291;10787;20.49;3;Scheduled;0
79;16.3193353;48.2062131;2381;30.93;2;Scheduled;0
80;16.3048253;48.2084421;72;27.15;2;Scheduled;0
81;16.4770099;48.2102421;2242;28.73;3;Scheduled;0
82;16.3269588;48.2440558;10115;23.11;3;Scheduled;0
83;16.4207534;48.1682182;8395;20.43;3;Scheduled;0
84;16.2605369;48.1981426;561;34.6;3;Scheduled;0
85;16.4015372;48.2397115;13456;23.71;3;Scheduled;0
86;16.26162;48.1743872;5807;21.8;3;Scheduled;0
87;16.4754411;48.2591708;13987;30.27;1;Scheduled;0
88;16.4932987;48.2257688;8928;31.01;3;Scheduled;0
89;16.2642695;48.2115076;11212;24.83;3;Scheduled;0
90;16.3679694;48.217374;769;32.16;3;Scheduled;0
91;16.3072691;48.2080576;1140;25.85;2;Scheduled;0
92;16.3670904;48.2052556;12161;28.94;3;Scheduled;0
93;16.3656144;48.1698264;5207;25.09;3;Scheduled;0
94;16.391461;48.1750846;7926;30.77;3;Scheduled;0
95;16.3385974;48.2093899;70;34.21;2;Scheduled;0
96;16.3596925;48.1759507;4873;21.22;3;Scheduled;0
97;16.3446272;48.1901662;3685;23.53;2;Scheduled;0
98;16.2735776;48.2145162;12077;25.44;3;Scheduled;0
99;16.3210373;48.1826843;11794;24.88;2;Scheduled;0
100;16.3174204;48.1943522;1070;26.25;2;Scheduled;0
101;16.3730115;48.2107302;11936;27.59;3;Scheduled;0
102;16.3597125;48.2072593;13705;29.26;3;Scheduled;0
103;16.4721994;48.2557601;13889;28.78;1;Scheduled;0
104;16.3636932;48.1527252;6900;33.49;3;Scheduled;0
105;16.3071202;48.223768;5934;28.62;3;Scheduled;0
106;16.3652061;48.2104102;2698;24.7;3;Scheduled;0
107;16.3819579;48.2865579;9945;27.2;3;Scheduled;0
108;16.3756609;48.1771117;5181;28.93;3;Scheduled;0
109;16.447873;48.2846505;4099;21.01;3;Scheduled;0
110;16.3461751;48.2305965;4920;31.02;3;Scheduled;0
111;16.3995733;48.2635238;5135;29.65;3;Scheduled;0
112;16.534893;48.2103775;9844;21.01;3;Scheduled;0
113;16.4899475;48.2199264;9989;30.46;3;Scheduled;0
114;16.3612537;48.2124798;10710;25.24;3;Scheduled;0
115;16.4713639;48.2084931;13254;24.71;3;Scheduled;0
116;16.4663305;48.2487501;7834;34.73;1;OnDemand;20.3
117;16.2761238;48.1653607;6793;31.25;3;OnDemand;163.54
118;16.313241;48.2074063;15977;30.57;2;OnDemand;210.36
119;16.3702459;48.2327415;14695;23.34;3;OnDemand;386.96
